experiment_name,iteration,fold,model,split,tp,tn,fp,fn,accuracy,precision,recall,f1,specificity,fpr,balanced_accuracy,geometric_mean,mcc,kappa,roc_auc,average_precision,fold_size,cv_tuning_mean_train_score,cv_tuning_std_train_score,cv_tuning_mean_val_score,cv_tuning_std_val_score,best_params,tuning_time,selected_features_indices,selected_features_names
CostSensitiveLearning_with_RandomUnderSampler___RandomizedSearchCV__niter_30__cv_5,1,1,BalancedRandomForestClassifier,resubstitution,423,15751,6383,3,0.7169326241134751,0.06215104319717896,0.9929577464788732,0.11698008849557522,0.7116201319237372,0.2883798680762628,0.8522889392013052,0.8406002156459351,0.208940371688766,0.08443983627157736,0.9910118522647586,0.8935651998437287,22560,0.13214575935531064,0.016469375059099647,0.12806114518378509,0.013325509699032788,"{'classifier__ccp_alpha': np.float64(0.0021233911067827615), 'classifier__max_depth': 3, 'classifier__max_features': 'log2', 'classifier__max_leaf_nodes': 13, 'classifier__min_impurity_decrease': np.float64(0.0023062425041415757), 'classifier__min_samples_leaf': 3, 'classifier__min_samples_split': 5, 'classifier__n_estimators': 666, 'feature_selection_filter__k': 26}",23.826012134552002,"[0, 1, 2, 3, 4, 5, 6, 7, 8, 9, 10, 11, 12, 14, 16, 17, 18, 19, 20, 21, 22, 23, 24, 27, 28, 29]","['Amount_log1p', 'V1', 'V2', 'V3', 'V4', 'V5', 'V6', 'V7', 'V8', 'V9', 'V10', 'V11', 'V12', 'V14', 'V16', 'V17', 'V18', 'V19', 'V20', 'V21', 'V22', 'V23', 'V24', 'V27', 'V28', 'Time_sin']"
CostSensitiveLearning_with_RandomUnderSampler___RandomizedSearchCV__niter_30__cv_5,1,2,BalancedRandomForestClassifier,resubstitution,422,14849,7285,4,0.6769060283687943,0.05475541715323732,0.9906103286384976,0.1037747448665929,0.6708683473389355,0.3291316526610645,0.8307393379887166,0.8152110855665474,0.18984572882915843,0.07051034864849348,0.9885170181960411,0.891166407609018,22560,0.12355637412433465,0.0035699568911287754,0.1212003681536179,0.004975867836931229,"{'classifier__ccp_alpha': np.float64(0.0016607017354449683), 'classifier__max_depth': 16, 'classifier__max_features': 'sqrt', 'classifier__max_leaf_nodes': 11, 'classifier__min_impurity_decrease': np.float64(0.008164113622514768), 'classifier__min_samples_leaf': 4, 'classifier__min_samples_split': 4, 'classifier__n_estimators': 593, 'feature_selection_filter__k': 20}",20.96418023109436,"[1, 2, 3, 4, 5, 6, 7, 8, 9, 10, 11, 12, 14, 16, 17, 18, 19, 20, 21, 27]","['V1', 'V2', 'V3', 'V4', 'V5', 'V6', 'V7', 'V8', 'V9', 'V10', 'V11', 'V12', 'V14', 'V16', 'V17', 'V18', 'V19', 'V20', 'V21', 'V27']"
CostSensitiveLearning_with_RandomUnderSampler___RandomizedSearchCV__niter_30__cv_5,1,3,BalancedRandomForestClassifier,resubstitution,424,14429,7705,2,0.658377659574468,0.052158937138639436,0.9953051643192489,0.09912331969608416,0.6518930152706244,0.3481069847293756,0.8235990897949366,0.8055013871387804,0.1834869848898946,0.06559171884404469,0.9889420329694804,0.890647365293109,22560,0.1220033931317134,0.008072818091941622,0.11988512784935772,0.006959461393758704,"{'classifier__ccp_alpha': np.float64(0.00976998403511869), 'classifier__max_depth': 8, 'classifier__max_features': 'sqrt', 'classifier__max_leaf_nodes': 17, 'classifier__min_impurity_decrease': np.float64(0.006273604710627468), 'classifier__min_samples_leaf': 7, 'classifier__min_samples_split': 4, 'classifier__n_estimators': 151, 'feature_selection_filter__k': 20}",18.40130877494812,"[1, 2, 3, 4, 5, 6, 7, 8, 9, 10, 11, 12, 14, 16, 17, 18, 19, 20, 21, 27]","['V1', 'V2', 'V3', 'V4', 'V5', 'V6', 'V7', 'V8', 'V9', 'V10', 'V11', 'V12', 'V14', 'V16', 'V17', 'V18', 'V19', 'V20', 'V21', 'V27']"
CostSensitiveLearning_with_RandomUnderSampler___RandomizedSearchCV__niter_30__cv_5,1,4,BalancedRandomForestClassifier,resubstitution,425,13374,8760,1,0.6116578014184397,0.04627109417528579,0.9976525821596244,0.0884403287899282,0.6042287882895093,0.3957712117104907,0.8009406852245669,0.7764086622727815,0.16674744105414838,0.054308417656888985,0.989419969108346,0.8907311383706806,22560,0.09993913081872266,0.007973087542076932,0.09764650128388502,0.0059378619022653996,"{'classifier__ccp_alpha': np.float64(0.008502110829740847), 'classifier__max_depth': 19, 'classifier__max_features': 'log2', 'classifier__max_leaf_nodes': 12, 'classifier__min_impurity_decrease': np.float64(0.009612322996999623), 'classifier__min_samples_leaf': 7, 'classifier__min_samples_split': 3, 'classifier__n_estimators': 856, 'feature_selection_filter__k': 24}",22.0249285697937,"[0, 1, 2, 3, 4, 5, 6, 7, 8, 9, 10, 11, 12, 14, 16, 17, 18, 19, 20, 21, 23, 27, 28, 29]","['Amount_log1p', 'V1', 'V2', 'V3', 'V4', 'V5', 'V6', 'V7', 'V8', 'V9', 'V10', 'V11', 'V12', 'V14', 'V16', 'V17', 'V18', 'V19', 'V20', 'V21', 'V23', 'V27', 'V28', 'Time_sin']"
CostSensitiveLearning_with_RandomUnderSampler___RandomizedSearchCV__niter_30__cv_5,1,5,BalancedRandomForestClassifier,resubstitution,422,14776,7359,3,0.6736702127659574,0.054234674206400206,0.9929411764705882,0.10285157202047282,0.6675400948723741,0.3324599051276259,0.8302406356714811,0.8141425226235657,0.18890980650891023,0.06961260242992251,0.9880850928128198,0.8780053223181999,22560,0.12903730872737407,0.011929643673565606,0.1266813994771428,0.008199505115525155,"{'classifier__ccp_alpha': np.float64(0.008786717058958374), 'classifier__max_depth': 7, 'classifier__max_features': 'sqrt', 'classifier__max_leaf_nodes': 16, 'classifier__min_impurity_decrease': np.float64(0.0058051316216252815), 'classifier__min_samples_leaf': 6, 'classifier__min_samples_split': 9, 'classifier__n_estimators': 218, 'feature_selection_filter__k': 26}",22.17508840560913,"[0, 1, 2, 3, 4, 5, 6, 7, 8, 9, 10, 11, 12, 14, 16, 17, 18, 19, 20, 21, 22, 23, 24, 27, 28, 29]","['Amount_log1p', 'V1', 'V2', 'V3', 'V4', 'V5', 'V6', 'V7', 'V8', 'V9', 'V10', 'V11', 'V12', 'V14', 'V16', 'V17', 'V18', 'V19', 'V20', 'V21', 'V22', 'V23', 'V24', 'V27', 'V28', 'Time_sin']"
CostSensitiveLearning_with_RandomUnderSampler___RandomizedSearchCV__niter_30__cv_5,1,6,BalancedRandomForestClassifier,resubstitution,424,14228,7907,1,0.649468085106383,0.05089425039010923,0.9976470588235294,0.0968478757423481,0.6427829229726677,0.3572170770273323,0.8202149908980986,0.8007936641642922,0.18041395474649996,0.06326739983054175,0.9903499116384751,0.896975121947897,22560,0.11659230801403571,0.010967593308208673,0.11297324134654078,0.007813456968936226,"{'classifier__ccp_alpha': np.float64(0.007115019093521897), 'classifier__max_depth': 12, 'classifier__max_features': 'log2', 'classifier__max_leaf_nodes': 16, 'classifier__min_impurity_decrease': np.float64(0.007462511731876731), 'classifier__min_samples_leaf': 7, 'classifier__min_samples_split': 5, 'classifier__n_estimators': 768, 'feature_selection_filter__k': 'all'}",20.08353281021118,"[0, 1, 2, 3, 4, 5, 6, 7, 8, 9, 10, 11, 12, 13, 14, 15, 16, 17, 18, 19, 20, 21, 22, 23, 24, 25, 26, 27, 28, 29, 30]","['Amount_log1p', 'V1', 'V2', 'V3', 'V4', 'V5', 'V6', 'V7', 'V8', 'V9', 'V10', 'V11', 'V12', 'V13', 'V14', 'V15', 'V16', 'V17', 'V18', 'V19', 'V20', 'V21', 'V22', 'V23', 'V24', 'V25', 'V26', 'V27', 'V28', 'Time_sin', 'Time_cos']"
CostSensitiveLearning_with_RandomUnderSampler___RandomizedSearchCV__niter_30__cv_5,1,7,BalancedRandomForestClassifier,resubstitution,422,14717,7418,3,0.671054964539007,0.0538265306122449,0.9929411764705882,0.10211736237144585,0.664874632934267,0.33512536706573304,0.8289079047024276,0.8125154769179487,0.18781341027765736,0.06883773910644608,0.988453846051635,0.8755174626450504,22560,0.12142993098964198,0.004113004151174266,0.11812751426749553,0.003925122734515564,"{'classifier__ccp_alpha': np.float64(0.00707159754684287), 'classifier__max_depth': 13, 'classifier__max_features': 'sqrt', 'classifier__max_leaf_nodes': 7, 'classifier__min_impurity_decrease': np.float64(0.007990278953207586), 'classifier__min_samples_leaf': 7, 'classifier__min_samples_split': 2, 'classifier__n_estimators': 612, 'feature_selection_filter__k': 28}",23.37621784210205,"[0, 1, 2, 3, 4, 5, 6, 7, 8, 9, 10, 11, 12, 14, 16, 17, 18, 19, 20, 21, 22, 24, 25, 26, 27, 28, 29, 30]","['Amount_log1p', 'V1', 'V2', 'V3', 'V4', 'V5', 'V6', 'V7', 'V8', 'V9', 'V10', 'V11', 'V12', 'V14', 'V16', 'V17', 'V18', 'V19', 'V20', 'V21', 'V22', 'V24', 'V25', 'V26', 'V27', 'V28', 'Time_sin', 'Time_cos']"
CostSensitiveLearning_with_RandomUnderSampler___RandomizedSearchCV__niter_30__cv_5,1,8,BalancedRandomForestClassifier,resubstitution,425,18573,3562,1,0.8420726031647533,0.10659643842488087,0.9976525821596244,0.19261273510083843,0.8390783826519087,0.1609216173480913,0.9183654824057665,0.9149364541250928,0.2985757730659844,0.16409258987561226,0.9951012300745214,0.9039753924086171,22561,0.23633145193704302,0.02261994331206903,0.22837285907462584,0.012401335794004558,"{'classifier__ccp_alpha': np.float64(0.005453291465772997), 'classifier__max_depth': 13, 'classifier__max_features': 'sqrt', 'classifier__max_leaf_nodes': 18, 'classifier__min_impurity_decrease': np.float64(0.0014324236886882114), 'classifier__min_samples_leaf': 4, 'classifier__min_samples_split': 5, 'classifier__n_estimators': 448, 'feature_selection_filter__k': 'all'}",19.728256702423096,"[0, 1, 2, 3, 4, 5, 6, 7, 8, 9, 10, 11, 12, 13, 14, 15, 16, 17, 18, 19, 20, 21, 22, 23, 24, 25, 26, 27, 28, 29, 30]","['Amount_log1p', 'V1', 'V2', 'V3', 'V4', 'V5', 'V6', 'V7', 'V8', 'V9', 'V10', 'V11', 'V12', 'V13', 'V14', 'V15', 'V16', 'V17', 'V18', 'V19', 'V20', 'V21', 'V22', 'V23', 'V24', 'V25', 'V26', 'V27', 'V28', 'Time_sin', 'Time_cos']"
CostSensitiveLearning_with_RandomUnderSampler___RandomizedSearchCV__niter_30__cv_5,1,9,BalancedRandomForestClassifier,resubstitution,423,16963,5172,3,0.7706218695979788,0.07560321715817694,0.9929577464788732,0.14050822122571002,0.7663428958662751,0.23365710413372487,0.8796503211725741,0.8723222540491962,0.23931424653590597,0.1092496804887293,0.992433647135429,0.8879900474619361,22561,0.1768535458830766,0.0280950752479344,0.17144629120456292,0.02457186583491714,"{'classifier__ccp_alpha': np.float64(0.005929682131561674), 'classifier__max_depth': 7, 'classifier__max_features': 'log2', 'classifier__max_leaf_nodes': 18, 'classifier__min_impurity_decrease': np.float64(0.002934222735310399), 'classifier__min_samples_leaf': 4, 'classifier__min_samples_split': 6, 'classifier__n_estimators': 799, 'feature_selection_filter__k': 28}",21.355893850326538,"[0, 1, 2, 3, 4, 5, 6, 7, 8, 9, 10, 11, 12, 14, 16, 17, 18, 19, 20, 21, 22, 23, 24, 25, 26, 27, 28, 29]","['Amount_log1p', 'V1', 'V2', 'V3', 'V4', 'V5', 'V6', 'V7', 'V8', 'V9', 'V10', 'V11', 'V12', 'V14', 'V16', 'V17', 'V18', 'V19', 'V20', 'V21', 'V22', 'V23', 'V24', 'V25', 'V26', 'V27', 'V28', 'Time_sin']"
CostSensitiveLearning_with_RandomUnderSampler___RandomizedSearchCV__niter_30__cv_5,1,10,BalancedRandomForestClassifier,resubstitution,424,15868,6267,2,0.7221311112096095,0.0633687042295621,0.9953051643192489,0.11915132780666012,0.7168737293878473,0.2831262706121527,0.856089446853548,0.8446941014500599,0.21222653481704845,0.08672661681084692,0.9898349437033314,0.8883912737491069,22561,0.14409213526992054,0.015895872184490734,0.14064135905192568,0.016308806790116103,"{'classifier__ccp_alpha': np.float64(0.00753041206822995), 'classifier__max_depth': 17, 'classifier__max_features': 'log2', 'classifier__max_leaf_nodes': 16, 'classifier__min_impurity_decrease': np.float64(0.006308765546426032), 'classifier__min_samples_leaf': 2, 'classifier__min_samples_split': 8, 'classifier__n_estimators': 566, 'feature_selection_filter__k': 20}",22.282737970352173,"[1, 2, 3, 4, 5, 6, 7, 8, 9, 10, 11, 12, 14, 16, 17, 18, 19, 20, 21, 27]","['V1', 'V2', 'V3', 'V4', 'V5', 'V6', 'V7', 'V8', 'V9', 'V10', 'V11', 'V12', 'V14', 'V16', 'V17', 'V18', 'V19', 'V20', 'V21', 'V27']"
CostSensitiveLearning_with_RandomUnderSampler___RandomizedSearchCV__niter_30__cv_5,2,1,BalancedRandomForestClassifier,resubstitution,423,16804,5330,3,0.7636081560283688,0.07352685555362419,0.9929577464788732,0.1369153584722447,0.7591940001807175,0.24080599981928252,0.8760758733297953,0.8682439539436635,0.23488102511592013,0.10546136587278232,0.9919000085268092,0.8949510784831891,22560,0.16332376681344948,0.015494952838605011,0.1582405041157157,0.0173154883008238,"{'classifier__ccp_alpha': np.float64(0.0063085625981744034), 'classifier__max_depth': 6, 'classifier__max_features': 'log2', 'classifier__max_leaf_nodes': 10, 'classifier__min_impurity_decrease': np.float64(0.003269910931020359), 'classifier__min_samples_leaf': 7, 'classifier__min_samples_split': 3, 'classifier__n_estimators': 765, 'feature_selection_filter__k': 28}",21.445451736450195,"[0, 1, 2, 3, 4, 5, 6, 7, 8, 9, 10, 11, 12, 14, 16, 17, 18, 19, 20, 21, 22, 23, 24, 26, 27, 28, 29, 30]","['Amount_log1p', 'V1', 'V2', 'V3', 'V4', 'V5', 'V6', 'V7', 'V8', 'V9', 'V10', 'V11', 'V12', 'V14', 'V16', 'V17', 'V18', 'V19', 'V20', 'V21', 'V22', 'V23', 'V24', 'V26', 'V27', 'V28', 'Time_sin', 'Time_cos']"
CostSensitiveLearning_with_RandomUnderSampler___RandomizedSearchCV__niter_30__cv_5,2,2,BalancedRandomForestClassifier,resubstitution,424,16017,6117,2,0.7287677304964539,0.06482189267696072,0.9953051643192489,0.12171666427443663,0.7236378422336677,0.27636215776633233,0.8594715032764583,0.8486698306597256,0.21566985215215081,0.08943084797470613,0.99141342891844,0.8921125688406688,22560,0.14451851144634406,0.012067550905896137,0.1387749162260317,0.012110054529487612,"{'classifier__ccp_alpha': np.float64(0.007407203696260145), 'classifier__max_depth': 6, 'classifier__max_features': 'sqrt', 'classifier__max_leaf_nodes': 15, 'classifier__min_impurity_decrease': np.float64(0.005329222232724307), 'classifier__min_samples_leaf': 1, 'classifier__min_samples_split': 8, 'classifier__n_estimators': 920, 'feature_selection_filter__k': 'all'}",22.130784034729004,"[0, 1, 2, 3, 4, 5, 6, 7, 8, 9, 10, 11, 12, 13, 14, 15, 16, 17, 18, 19, 20, 21, 22, 23, 24, 25, 26, 27, 28, 29, 30]","['Amount_log1p', 'V1', 'V2', 'V3', 'V4', 'V5', 'V6', 'V7', 'V8', 'V9', 'V10', 'V11', 'V12', 'V13', 'V14', 'V15', 'V16', 'V17', 'V18', 'V19', 'V20', 'V21', 'V22', 'V23', 'V24', 'V25', 'V26', 'V27', 'V28', 'Time_sin', 'Time_cos']"
CostSensitiveLearning_with_RandomUnderSampler___RandomizedSearchCV__niter_30__cv_5,2,3,BalancedRandomForestClassifier,resubstitution,423,17343,4791,3,0.7875,0.0811277330264672,0.9929577464788732,0.15,0.7835456763350501,0.21645432366494988,0.8882517114069617,0.8820588126859319,0.2507222879938889,0.11925000337144331,0.9916912926006387,0.894580349666162,22560,0.18010434618764476,0.02206168309709807,0.17337168701425373,0.015138173838062152,"{'classifier__ccp_alpha': np.float64(0.0011967723903959949), 'classifier__max_depth': 5, 'classifier__max_features': 'sqrt', 'classifier__max_leaf_nodes': 13, 'classifier__min_impurity_decrease': np.float64(0.005326198876784927), 'classifier__min_samples_leaf': 8, 'classifier__min_samples_split': 5, 'classifier__n_estimators': 709, 'feature_selection_filter__k': 20}",21.586673974990845,"[1, 2, 3, 4, 5, 6, 7, 8, 9, 10, 11, 12, 14, 16, 17, 18, 19, 20, 21, 27]","['V1', 'V2', 'V3', 'V4', 'V5', 'V6', 'V7', 'V8', 'V9', 'V10', 'V11', 'V12', 'V14', 'V16', 'V17', 'V18', 'V19', 'V20', 'V21', 'V27']"
CostSensitiveLearning_with_RandomUnderSampler___RandomizedSearchCV__niter_30__cv_5,2,4,BalancedRandomForestClassifier,resubstitution,423,16310,5824,3,0.7417109929078014,0.06771250200096046,0.9929577464788732,0.12677955941855237,0.736875395319418,0.26312460468058196,0.8649165708991456,0.8553865395083665,0.22200137387266458,0.09477533864448662,0.9910609556559258,0.8856442214286276,22560,0.14659164969900704,0.006067108168632038,0.1442531641405217,0.005435595596745849,"{'classifier__ccp_alpha': np.float64(0.0057645551329861605), 'classifier__max_depth': 7, 'classifier__max_features': 'sqrt', 'classifier__max_leaf_nodes': 11, 'classifier__min_impurity_decrease': np.float64(0.006818329769779552), 'classifier__min_samples_leaf': 6, 'classifier__min_samples_split': 6, 'classifier__n_estimators': 402, 'feature_selection_filter__k': 22}",22.181281566619873,"[1, 2, 3, 4, 5, 6, 7, 8, 9, 10, 11, 12, 14, 16, 17, 18, 19, 20, 21, 27, 28, 29]","['V1', 'V2', 'V3', 'V4', 'V5', 'V6', 'V7', 'V8', 'V9', 'V10', 'V11', 'V12', 'V14', 'V16', 'V17', 'V18', 'V19', 'V20', 'V21', 'V27', 'V28', 'Time_sin']"
CostSensitiveLearning_with_RandomUnderSampler___RandomizedSearchCV__niter_30__cv_5,2,5,BalancedRandomForestClassifier,resubstitution,421,16110,6025,4,0.7327570921985815,0.06531182128451753,0.9905882352941177,0.12254402561490321,0.7278066410661848,0.27219335893381524,0.8591974381801513,0.849091688929465,0.21619747835116288,0.09039229814139782,0.9903612856934054,0.8905173528439007,22560,0.15434830306813627,0.010931396061315308,0.1510369352844717,0.008038406748372683,"{'classifier__ccp_alpha': np.float64(0.0024849455044684467), 'classifier__max_depth': 17, 'classifier__max_features': 'log2', 'classifier__max_leaf_nodes': 6, 'classifier__min_impurity_decrease': np.float64(0.005863628977290836), 'classifier__min_samples_leaf': 8, 'classifier__min_samples_split': 5, 'classifier__n_estimators': 154, 'feature_selection_filter__k': 20}",20.7808096408844,"[1, 2, 3, 4, 5, 6, 7, 8, 9, 10, 11, 12, 14, 16, 17, 18, 19, 20, 21, 27]","['V1', 'V2', 'V3', 'V4', 'V5', 'V6', 'V7', 'V8', 'V9', 'V10', 'V11', 'V12', 'V14', 'V16', 'V17', 'V18', 'V19', 'V20', 'V21', 'V27']"
CostSensitiveLearning_with_RandomUnderSampler___RandomizedSearchCV__niter_30__cv_5,2,6,BalancedRandomForestClassifier,resubstitution,425,6142,15993,0,0.2910904255319149,0.0258862224387867,1.0,0.0504660689900849,0.2774791054890445,0.7225208945109556,0.6387395527445222,0.5267628550771633,0.08475190762929743,0.014263319895007731,0.9833612458310634,0.8780233519756981,22560,0.05815542792641313,0.007117503974117352,0.05753563258146986,0.0069844389184198375,"{'classifier__ccp_alpha': np.float64(0.006413154450893764), 'classifier__max_depth': 5, 'classifier__max_features': 'log2', 'classifier__max_leaf_nodes': 4, 'classifier__min_impurity_decrease': np.float64(0.013456831445065065), 'classifier__min_samples_leaf': 2, 'classifier__min_samples_split': 5, 'classifier__n_estimators': 746, 'feature_selection_filter__k': 22}",22.94206476211548,"[1, 2, 3, 4, 5, 6, 7, 8, 9, 10, 11, 12, 14, 16, 17, 18, 19, 20, 21, 27, 28, 29]","['V1', 'V2', 'V3', 'V4', 'V5', 'V6', 'V7', 'V8', 'V9', 'V10', 'V11', 'V12', 'V14', 'V16', 'V17', 'V18', 'V19', 'V20', 'V21', 'V27', 'V28', 'Time_sin']"
CostSensitiveLearning_with_RandomUnderSampler___RandomizedSearchCV__niter_30__cv_5,2,7,BalancedRandomForestClassifier,resubstitution,425,9969,12166,0,0.4607269503546099,0.03375426892224605,1.0,0.06530424093423479,0.45037271289812514,0.5496272871018748,0.7251863564490626,0.6710981395430367,0.12329639762136131,0.029948722798913807,0.9883213967764652,0.8820354490894835,22560,0.0763413491115017,0.00709837088083847,0.07575893347469738,0.005844163709207112,"{'classifier__ccp_alpha': np.float64(0.003619725943142538), 'classifier__max_depth': 15, 'classifier__max_features': 'log2', 'classifier__max_leaf_nodes': 6, 'classifier__min_impurity_decrease': np.float64(0.009890469343470666), 'classifier__min_samples_leaf': 6, 'classifier__min_samples_split': 8, 'classifier__n_estimators': 461, 'feature_selection_filter__k': 'all'}",21.279360055923462,"[0, 1, 2, 3, 4, 5, 6, 7, 8, 9, 10, 11, 12, 13, 14, 15, 16, 17, 18, 19, 20, 21, 22, 23, 24, 25, 26, 27, 28, 29, 30]","['Amount_log1p', 'V1', 'V2', 'V3', 'V4', 'V5', 'V6', 'V7', 'V8', 'V9', 'V10', 'V11', 'V12', 'V13', 'V14', 'V15', 'V16', 'V17', 'V18', 'V19', 'V20', 'V21', 'V22', 'V23', 'V24', 'V25', 'V26', 'V27', 'V28', 'Time_sin', 'Time_cos']"
CostSensitiveLearning_with_RandomUnderSampler___RandomizedSearchCV__niter_30__cv_5,2,8,BalancedRandomForestClassifier,resubstitution,426,9795,12340,0,0.45303842914764414,0.03336988876703744,1.0,0.06458459672528806,0.44251185904675855,0.5574881409532415,0.7212559295233792,0.6652156485281736,0.12151778270889113,0.02910338580122296,0.9867298512860159,0.8866021795087776,22561,0.07405047277332416,0.00878867201839125,0.0733787555051127,0.008195309572816577,"{'classifier__ccp_alpha': np.float64(0.006294448703218938), 'classifier__max_depth': 7, 'classifier__max_features': 'sqrt', 'classifier__max_leaf_nodes': 9, 'classifier__min_impurity_decrease': np.float64(0.012672675034450754), 'classifier__min_samples_leaf': 2, 'classifier__min_samples_split': 3, 'classifier__n_estimators': 369, 'feature_selection_filter__k': 'all'}",20.1697359085083,"[0, 1, 2, 3, 4, 5, 6, 7, 8, 9, 10, 11, 12, 13, 14, 15, 16, 17, 18, 19, 20, 21, 22, 23, 24, 25, 26, 27, 28, 29, 30]","['Amount_log1p', 'V1', 'V2', 'V3', 'V4', 'V5', 'V6', 'V7', 'V8', 'V9', 'V10', 'V11', 'V12', 'V13', 'V14', 'V15', 'V16', 'V17', 'V18', 'V19', 'V20', 'V21', 'V22', 'V23', 'V24', 'V25', 'V26', 'V27', 'V28', 'Time_sin', 'Time_cos']"
CostSensitiveLearning_with_RandomUnderSampler___RandomizedSearchCV__niter_30__cv_5,2,9,BalancedRandomForestClassifier,resubstitution,422,14291,7844,4,0.6521430787642392,0.05105250423421244,0.9906103286384976,0.09710078232857801,0.6456290941947143,0.35437090580528574,0.8181197114166059,0.7997292349156692,0.17973197965339627,0.06346665391570128,0.9869601919930091,0.8820573682146848,22561,0.11364558960557129,0.007656981760053062,0.11103144624123833,0.004554795861875147,"{'classifier__ccp_alpha': np.float64(0.0034106268676877527), 'classifier__max_depth': 9, 'classifier__max_features': 'log2', 'classifier__max_leaf_nodes': 7, 'classifier__min_impurity_decrease': np.float64(0.007940347336089304), 'classifier__min_samples_leaf': 8, 'classifier__min_samples_split': 5, 'classifier__n_estimators': 316, 'feature_selection_filter__k': 20}",19.44387984275818,"[1, 2, 3, 4, 5, 6, 7, 8, 9, 10, 11, 12, 14, 16, 17, 18, 19, 20, 21, 27]","['V1', 'V2', 'V3', 'V4', 'V5', 'V6', 'V7', 'V8', 'V9', 'V10', 'V11', 'V12', 'V14', 'V16', 'V17', 'V18', 'V19', 'V20', 'V21', 'V27']"
CostSensitiveLearning_with_RandomUnderSampler___RandomizedSearchCV__niter_30__cv_5,2,10,BalancedRandomForestClassifier,resubstitution,425,19490,2645,1,0.8827179646292275,0.13843648208469056,0.9976525821596244,0.2431350114416476,0.8805059859950305,0.1194940140049695,0.9390792840773274,0.9372508044994937,0.3486031100273173,0.21717450490453316,0.9957454841237774,0.907136682701904,22561,0.27837930108095504,0.01638829064286735,0.2664095042553841,0.020100177015440493,"{'classifier__ccp_alpha': np.float64(0.003176186266722566), 'classifier__max_depth': 16, 'classifier__max_features': 'log2', 'classifier__max_leaf_nodes': 19, 'classifier__min_impurity_decrease': np.float64(0.0017448193399611234), 'classifier__min_samples_leaf': 7, 'classifier__min_samples_split': 7, 'classifier__n_estimators': 828, 'feature_selection_filter__k': 28}",23.10480570793152,"[0, 1, 2, 3, 4, 5, 6, 7, 8, 9, 10, 11, 12, 14, 15, 16, 17, 18, 19, 20, 21, 22, 23, 24, 27, 28, 29, 30]","['Amount_log1p', 'V1', 'V2', 'V3', 'V4', 'V5', 'V6', 'V7', 'V8', 'V9', 'V10', 'V11', 'V12', 'V14', 'V15', 'V16', 'V17', 'V18', 'V19', 'V20', 'V21', 'V22', 'V23', 'V24', 'V27', 'V28', 'Time_sin', 'Time_cos']"
CostSensitiveLearning_with_RandomUnderSampler___RandomizedSearchCV__niter_30__cv_5,3,1,BalancedRandomForestClassifier,resubstitution,423,19018,3116,3,0.8617464539007093,0.11952528962983894,0.9929577464788732,0.21336696090794452,0.8592211077979579,0.1407788922020421,0.9260894271384156,0.9236721577086435,0.3189396782652266,0.18592584046688776,0.9949867346605459,0.9115319197473672,22560,0.26312215705738745,0.020384798972772716,0.24792376297133992,0.01762169954373352,"{'classifier__ccp_alpha': np.float64(0.0005682917782949237), 'classifier__max_depth': 14, 'classifier__max_features': 'sqrt', 'classifier__max_leaf_nodes': 18, 'classifier__min_impurity_decrease': np.float64(0.0034753106975925156), 'classifier__min_samples_leaf': 6, 'classifier__min_samples_split': 2, 'classifier__n_estimators': 144, 'feature_selection_filter__k': 22}",19.001723289489746,"[1, 2, 3, 4, 5, 6, 7, 8, 9, 10, 11, 12, 14, 16, 17, 18, 19, 20, 21, 27, 28, 29]","['V1', 'V2', 'V3', 'V4', 'V5', 'V6', 'V7', 'V8', 'V9', 'V10', 'V11', 'V12', 'V14', 'V16', 'V17', 'V18', 'V19', 'V20', 'V21', 'V27', 'V28', 'Time_sin']"
CostSensitiveLearning_with_RandomUnderSampler___RandomizedSearchCV__niter_30__cv_5,3,2,BalancedRandomForestClassifier,resubstitution,423,13882,8252,3,0.6340868794326241,0.048760806916426515,0.9929577464788732,0.09295681793209537,0.6271799042197524,0.37282009578024755,0.8100688253493129,0.789153435227194,0.17350626789353005,0.059085586204157714,0.9872237854705717,0.8872229226376068,22560,0.10739844237812364,0.008352651188994753,0.10456815932318209,0.004935631244894119,"{'classifier__ccp_alpha': np.float64(0.0054309315786951065), 'classifier__max_depth': 17, 'classifier__max_features': 'log2', 'classifier__max_leaf_nodes': 8, 'classifier__min_impurity_decrease': np.float64(0.008845225313208716), 'classifier__min_samples_leaf': 9, 'classifier__min_samples_split': 4, 'classifier__n_estimators': 324, 'feature_selection_filter__k': 22}",21.980642557144165,"[1, 2, 3, 4, 5, 6, 7, 8, 9, 10, 11, 12, 14, 16, 17, 18, 19, 20, 21, 27, 28, 29]","['V1', 'V2', 'V3', 'V4', 'V5', 'V6', 'V7', 'V8', 'V9', 'V10', 'V11', 'V12', 'V14', 'V16', 'V17', 'V18', 'V19', 'V20', 'V21', 'V27', 'V28', 'Time_sin']"
CostSensitiveLearning_with_RandomUnderSampler___RandomizedSearchCV__niter_30__cv_5,3,3,BalancedRandomForestClassifier,resubstitution,423,17648,4486,3,0.8010195035460993,0.08616826237522918,0.9929577464788732,0.15857544517338332,0.7973253817656095,0.20267461823439048,0.8951415641222413,0.8897811047040654,0.2606971534390096,0.12828297883922346,0.9927103735633281,0.888751943037982,22560,0.18735785510247288,0.009817492679698865,0.18076653544473184,0.011209412628912119,"{'classifier__ccp_alpha': np.float64(0.002020384963121721), 'classifier__max_depth': 19, 'classifier__max_features': 'sqrt', 'classifier__max_leaf_nodes': 19, 'classifier__min_impurity_decrease': np.float64(0.005300662015571778), 'classifier__min_samples_leaf': 5, 'classifier__min_samples_split': 8, 'classifier__n_estimators': 518, 'feature_selection_filter__k': 28}",22.003012657165527,"[0, 1, 2, 3, 4, 5, 6, 7, 8, 9, 10, 11, 12, 14, 15, 16, 17, 18, 19, 20, 21, 22, 23, 24, 27, 28, 29, 30]","['Amount_log1p', 'V1', 'V2', 'V3', 'V4', 'V5', 'V6', 'V7', 'V8', 'V9', 'V10', 'V11', 'V12', 'V14', 'V15', 'V16', 'V17', 'V18', 'V19', 'V20', 'V21', 'V22', 'V23', 'V24', 'V27', 'V28', 'Time_sin', 'Time_cos']"
CostSensitiveLearning_with_RandomUnderSampler___RandomizedSearchCV__niter_30__cv_5,3,4,BalancedRandomForestClassifier,resubstitution,424,18909,3225,2,0.856959219858156,0.1161962181419567,0.9953051643192489,0.20809815950920246,0.8542965573326105,0.14570344266738955,0.9248008608259297,0.9221094161612832,0.3140551772124506,0.18038033640186102,0.9948755361602464,0.9100429296137919,22560,0.24162075713670905,0.02772844593651641,0.2322589481771716,0.020618764311412765,"{'classifier__ccp_alpha': np.float64(0.00345025529538485), 'classifier__max_depth': 18, 'classifier__max_features': 'log2', 'classifier__max_leaf_nodes': 10, 'classifier__min_impurity_decrease': np.float64(0.003371300555049628), 'classifier__min_samples_leaf': 3, 'classifier__min_samples_split': 2, 'classifier__n_estimators': 201, 'feature_selection_filter__k': 20}",20.810022115707397,"[1, 2, 3, 4, 5, 6, 7, 8, 9, 10, 11, 12, 14, 16, 17, 18, 19, 20, 21, 27]","['V1', 'V2', 'V3', 'V4', 'V5', 'V6', 'V7', 'V8', 'V9', 'V10', 'V11', 'V12', 'V14', 'V16', 'V17', 'V18', 'V19', 'V20', 'V21', 'V27']"
CostSensitiveLearning_with_RandomUnderSampler___RandomizedSearchCV__niter_30__cv_5,3,5,BalancedRandomForestClassifier,resubstitution,424,14747,7388,1,0.6724734042553191,0.05427547363031234,0.9976470588235294,0.10295010319291004,0.666229952563813,0.333770047436187,0.8319385056936712,0.8152682703720461,0.18970299025237486,0.06970769899432161,0.9896293067938717,0.8816079743587929,22560,0.1296806273951047,0.014334292951746899,0.1281554900821414,0.012315861712039987,"{'classifier__ccp_alpha': np.float64(0.009165387107603068), 'classifier__max_depth': 12, 'classifier__max_features': 'sqrt', 'classifier__max_leaf_nodes': 7, 'classifier__min_impurity_decrease': np.float64(0.00623366127899716), 'classifier__min_samples_leaf': 3, 'classifier__min_samples_split': 3, 'classifier__n_estimators': 359, 'feature_selection_filter__k': 28}",19.12201714515686,"[0, 1, 2, 3, 4, 5, 6, 7, 8, 9, 10, 11, 12, 14, 16, 17, 18, 19, 20, 21, 22, 23, 24, 26, 27, 28, 29, 30]","['Amount_log1p', 'V1', 'V2', 'V3', 'V4', 'V5', 'V6', 'V7', 'V8', 'V9', 'V10', 'V11', 'V12', 'V14', 'V16', 'V17', 'V18', 'V19', 'V20', 'V21', 'V22', 'V23', 'V24', 'V26', 'V27', 'V28', 'Time_sin', 'Time_cos']"
CostSensitiveLearning_with_RandomUnderSampler___RandomizedSearchCV__niter_30__cv_5,3,6,BalancedRandomForestClassifier,resubstitution,422,18553,3582,3,0.8410904255319149,0.10539460539460539,0.9929411764705882,0.19056220365771054,0.8381748362322115,0.16182516376778855,0.9155580063513998,0.9122819235173163,0.2957376799875298,0.16201902215244834,0.9937750966661795,0.8915840658578122,22560,0.23408949399867102,0.023952947711618384,0.22267938599037845,0.014233651226323047,"{'classifier__ccp_alpha': np.float64(0.005269075478262409), 'classifier__max_depth': 8, 'classifier__max_features': 'sqrt', 'classifier__max_leaf_nodes': 16, 'classifier__min_impurity_decrease': np.float64(0.0020918555646014304), 'classifier__min_samples_leaf': 1, 'classifier__min_samples_split': 9, 'classifier__n_estimators': 466, 'feature_selection_filter__k': 28}",19.25965404510498,"[0, 1, 2, 3, 4, 5, 6, 7, 8, 9, 10, 11, 12, 13, 14, 16, 17, 18, 19, 20, 21, 23, 24, 25, 27, 28, 29, 30]","['Amount_log1p', 'V1', 'V2', 'V3', 'V4', 'V5', 'V6', 'V7', 'V8', 'V9', 'V10', 'V11', 'V12', 'V13', 'V14', 'V16', 'V17', 'V18', 'V19', 'V20', 'V21', 'V23', 'V24', 'V25', 'V27', 'V28', 'Time_sin', 'Time_cos']"
CostSensitiveLearning_with_RandomUnderSampler___RandomizedSearchCV__niter_30__cv_5,3,7,BalancedRandomForestClassifier,resubstitution,423,19123,3012,2,0.8664007092198581,0.12314410480349346,0.9952941176470588,0.21917098445595856,0.8639259091935848,0.1360740908064152,0.9296100134203218,0.9272865660103472,0.325143088439263,0.192082398378838,0.9950450045841692,0.897036760380963,22560,0.2585402799620999,0.02674075470171785,0.2461853752825495,0.018318513851691583,"{'classifier__ccp_alpha': np.float64(0.002962672844961487), 'classifier__max_depth': 14, 'classifier__max_features': 'log2', 'classifier__max_leaf_nodes': 11, 'classifier__min_impurity_decrease': np.float64(0.0015894399656419035), 'classifier__min_samples_leaf': 5, 'classifier__min_samples_split': 9, 'classifier__n_estimators': 242, 'feature_selection_filter__k': 24}",20.117849588394165,"[1, 2, 3, 4, 5, 6, 7, 8, 9, 10, 11, 12, 14, 16, 17, 18, 19, 20, 21, 23, 24, 27, 28, 29]","['V1', 'V2', 'V3', 'V4', 'V5', 'V6', 'V7', 'V8', 'V9', 'V10', 'V11', 'V12', 'V14', 'V16', 'V17', 'V18', 'V19', 'V20', 'V21', 'V23', 'V24', 'V27', 'V28', 'Time_sin']"
CostSensitiveLearning_with_RandomUnderSampler___RandomizedSearchCV__niter_30__cv_5,3,8,BalancedRandomForestClassifier,resubstitution,423,16615,5520,3,0.7551970214086255,0.07117617364967188,0.9929577464788732,0.13283089967027792,0.750621188163542,0.24937881183645805,0.8717894673212077,0.863327935061854,0.22976263228922045,0.10115714858544067,0.9923637601529666,0.8906027657568786,22561,0.16649505221469413,0.021181930925099998,0.16171532422826695,0.01702539815783262,"{'classifier__ccp_alpha': np.float64(0.004046784137150877), 'classifier__max_depth': 14, 'classifier__max_features': 'log2', 'classifier__max_leaf_nodes': 16, 'classifier__min_impurity_decrease': np.float64(0.005818320873854366), 'classifier__min_samples_leaf': 3, 'classifier__min_samples_split': 8, 'classifier__n_estimators': 765, 'feature_selection_filter__k': 'all'}",24.235843658447266,"[0, 1, 2, 3, 4, 5, 6, 7, 8, 9, 10, 11, 12, 13, 14, 15, 16, 17, 18, 19, 20, 21, 22, 23, 24, 25, 26, 27, 28, 29, 30]","['Amount_log1p', 'V1', 'V2', 'V3', 'V4', 'V5', 'V6', 'V7', 'V8', 'V9', 'V10', 'V11', 'V12', 'V13', 'V14', 'V15', 'V16', 'V17', 'V18', 'V19', 'V20', 'V21', 'V22', 'V23', 'V24', 'V25', 'V26', 'V27', 'V28', 'Time_sin', 'Time_cos']"
CostSensitiveLearning_with_RandomUnderSampler___RandomizedSearchCV__niter_30__cv_5,3,9,BalancedRandomForestClassifier,resubstitution,423,16197,5938,3,0.736669473870839,0.06649897814808993,0.9929577464788732,0.12465006630322675,0.7317370679918681,0.2682629320081319,0.8623474072353707,0.8523989617827227,0.2192196658333905,0.09253117773981778,0.9904671080469717,0.8873663195683815,22561,0.14852171209360146,0.01187206618805774,0.1455410193031692,0.00856098919983216,"{'classifier__ccp_alpha': np.float64(0.007606256303894526), 'classifier__max_depth': 15, 'classifier__max_features': 'sqrt', 'classifier__max_leaf_nodes': 9, 'classifier__min_impurity_decrease': np.float64(0.0003626642020858606), 'classifier__min_samples_leaf': 2, 'classifier__min_samples_split': 7, 'classifier__n_estimators': 854, 'feature_selection_filter__k': 24}",24.242621421813965,"[0, 1, 2, 3, 4, 5, 6, 7, 8, 9, 10, 11, 12, 14, 16, 17, 18, 19, 20, 21, 24, 27, 28, 29]","['Amount_log1p', 'V1', 'V2', 'V3', 'V4', 'V5', 'V6', 'V7', 'V8', 'V9', 'V10', 'V11', 'V12', 'V14', 'V16', 'V17', 'V18', 'V19', 'V20', 'V21', 'V24', 'V27', 'V28', 'Time_sin']"
CostSensitiveLearning_with_RandomUnderSampler___RandomizedSearchCV__niter_30__cv_5,3,10,BalancedRandomForestClassifier,resubstitution,425,17764,4371,1,0.8062142635521475,0.08861551292743954,0.9976525821596244,0.1627728839525086,0.8025299299751525,0.1974700700248475,0.9000912560673884,0.8947882749008803,0.2662020681882182,0.1326915469322023,0.9944027844500934,0.8987503893975,22561,0.20046460790389128,0.021930930264173323,0.191720090594178,0.01023938485257231,"{'classifier__ccp_alpha': np.float64(0.003695627506418979), 'classifier__max_depth': 10, 'classifier__max_features': 'sqrt', 'classifier__max_leaf_nodes': 8, 'classifier__min_impurity_decrease': np.float64(0.002333337605301811), 'classifier__min_samples_leaf': 7, 'classifier__min_samples_split': 7, 'classifier__n_estimators': 251, 'feature_selection_filter__k': 'all'}",23.06477642059326,"[0, 1, 2, 3, 4, 5, 6, 7, 8, 9, 10, 11, 12, 13, 14, 15, 16, 17, 18, 19, 20, 21, 22, 23, 24, 25, 26, 27, 28, 29, 30]","['Amount_log1p', 'V1', 'V2', 'V3', 'V4', 'V5', 'V6', 'V7', 'V8', 'V9', 'V10', 'V11', 'V12', 'V13', 'V14', 'V15', 'V16', 'V17', 'V18', 'V19', 'V20', 'V21', 'V22', 'V23', 'V24', 'V25', 'V26', 'V27', 'V28', 'Time_sin', 'Time_cos']"
CostSensitiveLearning_with_RandomUnderSampler___RandomizedSearchCV__niter_30__cv_5,4,1,BalancedRandomForestClassifier,resubstitution,423,18328,3806,3,0.8311613475177305,0.10002364625206905,0.9929577464788732,0.18174006444683136,0.8280473479714466,0.17195265202855337,0.91050254722516,0.9067612853554871,0.2863312063842633,0.15266826100759634,0.9941508634348787,0.9011789207852794,22560,0.2246012625300801,0.007731373567430729,0.21884160514539291,0.01408609533606243,"{'classifier__ccp_alpha': np.float64(0.0019600746937459813), 'classifier__max_depth': 15, 'classifier__max_features': 'log2', 'classifier__max_leaf_nodes': 14, 'classifier__min_impurity_decrease': np.float64(0.004006867715275764), 'classifier__min_samples_leaf': 7, 'classifier__min_samples_split': 9, 'classifier__n_estimators': 625, 'feature_selection_filter__k': 22}",18.73071575164795,"[1, 2, 3, 4, 5, 6, 7, 8, 9, 10, 11, 12, 14, 16, 17, 18, 19, 20, 21, 27, 28, 29]","['V1', 'V2', 'V3', 'V4', 'V5', 'V6', 'V7', 'V8', 'V9', 'V10', 'V11', 'V12', 'V14', 'V16', 'V17', 'V18', 'V19', 'V20', 'V21', 'V27', 'V28', 'Time_sin']"
CostSensitiveLearning_with_RandomUnderSampler___RandomizedSearchCV__niter_30__cv_5,4,2,BalancedRandomForestClassifier,resubstitution,421,16556,5578,5,0.7525265957446808,0.07017836306051009,0.9882629107981221,0.13105058365758754,0.7479895183880003,0.2520104816119997,0.8681262145930613,0.8597733996167889,0.22681866163049827,0.09928979236460511,0.9898887315035055,0.8885845992548697,22560,0.15658421591074015,0.0059796864770066144,0.15376865824816174,0.003592151950631862,"{'classifier__ccp_alpha': np.float64(0.006552250360701749), 'classifier__max_depth': 11, 'classifier__max_features': 'sqrt', 'classifier__max_leaf_nodes': 13, 'classifier__min_impurity_decrease': np.float64(0.005531812188614472), 'classifier__min_samples_leaf': 9, 'classifier__min_samples_split': 5, 'classifier__n_estimators': 382, 'feature_selection_filter__k': 20}",20.428854942321777,"[1, 2, 3, 4, 5, 6, 7, 8, 9, 10, 11, 12, 14, 16, 17, 18, 19, 20, 21, 27]","['V1', 'V2', 'V3', 'V4', 'V5', 'V6', 'V7', 'V8', 'V9', 'V10', 'V11', 'V12', 'V14', 'V16', 'V17', 'V18', 'V19', 'V20', 'V21', 'V27']"
CostSensitiveLearning_with_RandomUnderSampler___RandomizedSearchCV__niter_30__cv_5,4,3,BalancedRandomForestClassifier,resubstitution,426,7943,14191,0,0.3709663120567376,0.029144147225832934,1.0,0.056637638768862596,0.3588596729014186,0.6411403270985814,0.6794298364507093,0.5990489737086765,0.1022675859715736,0.02070081550758307,0.9851335506184906,0.8765699674374519,22560,0.0722363086567204,0.00869071843589493,0.07138045169763553,0.007854663857730242,"{'classifier__ccp_alpha': np.float64(0.004902686302462846), 'classifier__max_depth': 11, 'classifier__max_features': 'sqrt', 'classifier__max_leaf_nodes': 17, 'classifier__min_impurity_decrease': np.float64(0.011290087517011738), 'classifier__min_samples_leaf': 6, 'classifier__min_samples_split': 7, 'classifier__n_estimators': 225, 'feature_selection_filter__k': 24}",21.42777681350708,"[0, 1, 2, 3, 4, 5, 6, 7, 8, 9, 10, 11, 12, 14, 16, 17, 18, 19, 20, 21, 24, 27, 28, 29]","['Amount_log1p', 'V1', 'V2', 'V3', 'V4', 'V5', 'V6', 'V7', 'V8', 'V9', 'V10', 'V11', 'V12', 'V14', 'V16', 'V17', 'V18', 'V19', 'V20', 'V21', 'V24', 'V27', 'V28', 'Time_sin']"
CostSensitiveLearning_with_RandomUnderSampler___RandomizedSearchCV__niter_30__cv_5,4,4,BalancedRandomForestClassifier,resubstitution,425,19980,2154,1,0.90447695035461,0.1647925552539744,0.9976525821596244,0.28286189683860236,0.902683654106804,0.09731634589319604,0.9501681181332142,0.9489808630277737,0.38512809472127574,0.2588393117014809,0.9961442702175525,0.9105111421023635,22560,0.31658262634303347,0.01246190477979315,0.2981144063354745,0.009392644581328793,"{'classifier__ccp_alpha': np.float64(0.001140913965735), 'classifier__max_depth': 16, 'classifier__max_features': 'sqrt', 'classifier__max_leaf_nodes': 15, 'classifier__min_impurity_decrease': np.float64(0.0009172780543765358), 'classifier__min_samples_leaf': 8, 'classifier__min_samples_split': 2, 'classifier__n_estimators': 393, 'feature_selection_filter__k': 20}",20.532421588897705,"[1, 2, 3, 4, 5, 6, 7, 8, 9, 10, 11, 12, 14, 16, 17, 18, 19, 20, 21, 27]","['V1', 'V2', 'V3', 'V4', 'V5', 'V6', 'V7', 'V8', 'V9', 'V10', 'V11', 'V12', 'V14', 'V16', 'V17', 'V18', 'V19', 'V20', 'V21', 'V27']"
CostSensitiveLearning_with_RandomUnderSampler___RandomizedSearchCV__niter_30__cv_5,4,5,BalancedRandomForestClassifier,resubstitution,423,18233,3902,2,0.826950354609929,0.09780346820809249,0.9952941176470588,0.17810526315789474,0.8237180935170544,0.17628190648294562,0.9095061055820566,0.9054511433959174,0.28286464282769597,0.14890753379153743,0.9948573326778193,0.9044490270818174,22560,0.22641466216139167,0.0071072873299681425,0.21726464496606415,0.007659418748460177,"{'classifier__ccp_alpha': np.float64(0.004706691325001272), 'classifier__max_depth': 13, 'classifier__max_features': 'log2', 'classifier__max_leaf_nodes': 19, 'classifier__min_impurity_decrease': np.float64(0.0025534198804819334), 'classifier__min_samples_leaf': 2, 'classifier__min_samples_split': 5, 'classifier__n_estimators': 211, 'feature_selection_filter__k': 28}",17.11882257461548,"[0, 1, 2, 3, 4, 5, 6, 7, 8, 9, 10, 11, 12, 13, 14, 16, 17, 18, 19, 20, 21, 22, 23, 24, 26, 27, 28, 29]","['Amount_log1p', 'V1', 'V2', 'V3', 'V4', 'V5', 'V6', 'V7', 'V8', 'V9', 'V10', 'V11', 'V12', 'V13', 'V14', 'V16', 'V17', 'V18', 'V19', 'V20', 'V21', 'V22', 'V23', 'V24', 'V26', 'V27', 'V28', 'Time_sin']"
CostSensitiveLearning_with_RandomUnderSampler___RandomizedSearchCV__niter_30__cv_5,4,6,BalancedRandomForestClassifier,resubstitution,421,16042,6093,4,0.7297429078014185,0.06463002763279091,0.9905882352941177,0.12134313301628477,0.7247345832392139,0.2752654167607861,0.8576614092666658,0.8472977940886844,0.21459966329868166,0.08912583752773218,0.9899674989037857,0.8884419231886108,22560,0.1495209984897417,0.01652643813577556,0.14553883394047526,0.013393681351616275,"{'classifier__ccp_alpha': np.float64(0.007213880440668589), 'classifier__max_depth': 9, 'classifier__max_features': 'sqrt', 'classifier__max_leaf_nodes': 7, 'classifier__min_impurity_decrease': np.float64(0.005731598524720616), 'classifier__min_samples_leaf': 2, 'classifier__min_samples_split': 2, 'classifier__n_estimators': 357, 'feature_selection_filter__k': 24}",22.500916004180908,"[0, 1, 2, 3, 4, 5, 6, 7, 8, 9, 10, 11, 12, 14, 16, 17, 18, 19, 20, 21, 24, 27, 28, 29]","['Amount_log1p', 'V1', 'V2', 'V3', 'V4', 'V5', 'V6', 'V7', 'V8', 'V9', 'V10', 'V11', 'V12', 'V14', 'V16', 'V17', 'V18', 'V19', 'V20', 'V21', 'V24', 'V27', 'V28', 'Time_sin']"
CostSensitiveLearning_with_RandomUnderSampler___RandomizedSearchCV__niter_30__cv_5,4,7,BalancedRandomForestClassifier,resubstitution,421,15554,6581,4,0.7081117021276596,0.0601256783776064,0.9905882352941177,0.11337013599030564,0.7026880505985995,0.2973119494014005,0.8466381429463585,0.8343108030013338,0.2037288981884578,0.08071599865892276,0.9890654938279807,0.8887359380205748,22560,0.12899451924137653,0.012501659327341508,0.12714181457871487,0.011034915140845824,"{'classifier__ccp_alpha': np.float64(0.008629963840698049), 'classifier__max_depth': 8, 'classifier__max_features': 'sqrt', 'classifier__max_leaf_nodes': 8, 'classifier__min_impurity_decrease': np.float64(0.00028944043448426716), 'classifier__min_samples_leaf': 5, 'classifier__min_samples_split': 5, 'classifier__n_estimators': 444, 'feature_selection_filter__k': 22}",21.39001178741455,"[1, 2, 3, 4, 5, 6, 7, 8, 9, 10, 11, 12, 14, 16, 17, 18, 19, 20, 21, 27, 28, 29]","['V1', 'V2', 'V3', 'V4', 'V5', 'V6', 'V7', 'V8', 'V9', 'V10', 'V11', 'V12', 'V14', 'V16', 'V17', 'V18', 'V19', 'V20', 'V21', 'V27', 'V28', 'Time_sin']"
CostSensitiveLearning_with_RandomUnderSampler___RandomizedSearchCV__niter_30__cv_5,4,8,BalancedRandomForestClassifier,resubstitution,423,19032,3103,3,0.8623287974823811,0.11996596710153148,0.9929577464788732,0.21406882591093118,0.859814772983962,0.14018522701603797,0.9263862597314176,0.9239912009166532,0.3196392956172337,0.1866646811422692,0.9942344299968927,0.9019821361138879,22561,0.2555443924313198,0.01143402488025405,0.2468458642420556,0.006845566480306533,"{'classifier__ccp_alpha': np.float64(0.004952159855980069), 'classifier__max_depth': 15, 'classifier__max_features': 'log2', 'classifier__max_leaf_nodes': 17, 'classifier__min_impurity_decrease': np.float64(0.0024072693936626035), 'classifier__min_samples_leaf': 7, 'classifier__min_samples_split': 6, 'classifier__n_estimators': 455, 'feature_selection_filter__k': 20}",19.924875259399414,"[1, 2, 3, 4, 5, 6, 7, 8, 9, 10, 11, 12, 14, 16, 17, 18, 19, 20, 21, 27]","['V1', 'V2', 'V3', 'V4', 'V5', 'V6', 'V7', 'V8', 'V9', 'V10', 'V11', 'V12', 'V14', 'V16', 'V17', 'V18', 'V19', 'V20', 'V21', 'V27']"
CostSensitiveLearning_with_RandomUnderSampler___RandomizedSearchCV__niter_30__cv_5,4,9,BalancedRandomForestClassifier,resubstitution,425,19885,2250,1,0.9002260538096716,0.1588785046728972,0.9976525821596244,0.2741051273782651,0.8983510277840524,0.1016489722159476,0.9480018049718384,0.9467007037889601,0.37724084710426187,0.24966179988372494,0.9964783429891904,0.9145258749997922,22561,0.3296406963672715,0.02584616232025969,0.31339002339170274,0.011334246042514349,"{'classifier__ccp_alpha': np.float64(0.0025752082404325504), 'classifier__max_depth': 19, 'classifier__max_features': 'log2', 'classifier__max_leaf_nodes': 14, 'classifier__min_impurity_decrease': np.float64(0.0015691041386025285), 'classifier__min_samples_leaf': 3, 'classifier__min_samples_split': 8, 'classifier__n_estimators': 263, 'feature_selection_filter__k': 24}",19.495627403259277,"[0, 1, 2, 3, 4, 5, 6, 7, 8, 9, 10, 11, 12, 14, 16, 17, 18, 19, 20, 21, 24, 27, 28, 29]","['Amount_log1p', 'V1', 'V2', 'V3', 'V4', 'V5', 'V6', 'V7', 'V8', 'V9', 'V10', 'V11', 'V12', 'V14', 'V16', 'V17', 'V18', 'V19', 'V20', 'V21', 'V24', 'V27', 'V28', 'Time_sin']"
CostSensitiveLearning_with_RandomUnderSampler___RandomizedSearchCV__niter_30__cv_5,4,10,BalancedRandomForestClassifier,resubstitution,425,15632,6503,1,0.7117149062541555,0.06134526558891455,0.9976525821596244,0.11558335599673647,0.706211881635419,0.29378811836458096,0.8519322318975218,0.8393772139302942,0.20768661053821186,0.082958041280903,0.990360845897613,0.8810600929670251,22561,0.13398444882611277,0.0069466137528911,0.13022071442482513,0.007568294010494891,"{'classifier__ccp_alpha': np.float64(0.0018540435848470615), 'classifier__max_depth': 14, 'classifier__max_features': 'sqrt', 'classifier__max_leaf_nodes': 12, 'classifier__min_impurity_decrease': np.float64(0.007713096834968081), 'classifier__min_samples_leaf': 6, 'classifier__min_samples_split': 8, 'classifier__n_estimators': 709, 'feature_selection_filter__k': 26}",22.04211950302124,"[0, 1, 2, 3, 4, 5, 6, 7, 8, 9, 10, 11, 12, 14, 16, 17, 18, 19, 20, 21, 22, 23, 24, 27, 28, 29]","['Amount_log1p', 'V1', 'V2', 'V3', 'V4', 'V5', 'V6', 'V7', 'V8', 'V9', 'V10', 'V11', 'V12', 'V14', 'V16', 'V17', 'V18', 'V19', 'V20', 'V21', 'V22', 'V23', 'V24', 'V27', 'V28', 'Time_sin']"
CostSensitiveLearning_with_RandomUnderSampler___RandomizedSearchCV__niter_30__cv_5,5,1,BalancedRandomForestClassifier,resubstitution,423,18000,4134,3,0.816622340425532,0.09282422646477946,0.9929577464788732,0.16977724262492475,0.813228517213337,0.186771482786663,0.9030931318461051,0.8986109034640691,0.27331167982142524,0.14007783520867323,0.9937479080682705,0.9082642520323028,22560,0.2095003808073764,0.025277094990232497,0.20104247170817047,0.014726478955199547,"{'classifier__ccp_alpha': np.float64(0.006272163917553454), 'classifier__max_depth': 17, 'classifier__max_features': 'sqrt', 'classifier__max_leaf_nodes': 18, 'classifier__min_impurity_decrease': np.float64(0.0017733212032030267), 'classifier__min_samples_leaf': 3, 'classifier__min_samples_split': 4, 'classifier__n_estimators': 473, 'feature_selection_filter__k': 'all'}",20.559414863586426,"[0, 1, 2, 3, 4, 5, 6, 7, 8, 9, 10, 11, 12, 13, 14, 15, 16, 17, 18, 19, 20, 21, 22, 23, 24, 25, 26, 27, 28, 29, 30]","['Amount_log1p', 'V1', 'V2', 'V3', 'V4', 'V5', 'V6', 'V7', 'V8', 'V9', 'V10', 'V11', 'V12', 'V13', 'V14', 'V15', 'V16', 'V17', 'V18', 'V19', 'V20', 'V21', 'V22', 'V23', 'V24', 'V25', 'V26', 'V27', 'V28', 'Time_sin', 'Time_cos']"
CostSensitiveLearning_with_RandomUnderSampler___RandomizedSearchCV__niter_30__cv_5,5,2,BalancedRandomForestClassifier,resubstitution,424,17954,4180,2,0.814627659574468,0.09209383145091225,0.9953051643192489,0.16858846918489065,0.8111502665582362,0.1888497334417638,0.9032277154387425,0.8985221473866672,0.27235958729390003,0.13881962636354428,0.993334771436971,0.897551992322337,22560,0.2098520664478482,0.017610953490603806,0.20253804644633058,0.013756158790733778,"{'classifier__ccp_alpha': np.float64(0.005363982114993209), 'classifier__max_depth': 12, 'classifier__max_features': 'sqrt', 'classifier__max_leaf_nodes': 16, 'classifier__min_impurity_decrease': np.float64(0.0015346382420000082), 'classifier__min_samples_leaf': 3, 'classifier__min_samples_split': 5, 'classifier__n_estimators': 390, 'feature_selection_filter__k': 24}",18.224197387695312,"[0, 1, 2, 3, 4, 5, 6, 7, 8, 9, 10, 11, 12, 14, 16, 17, 18, 19, 20, 21, 24, 27, 28, 29]","['Amount_log1p', 'V1', 'V2', 'V3', 'V4', 'V5', 'V6', 'V7', 'V8', 'V9', 'V10', 'V11', 'V12', 'V14', 'V16', 'V17', 'V18', 'V19', 'V20', 'V21', 'V24', 'V27', 'V28', 'Time_sin']"
CostSensitiveLearning_with_RandomUnderSampler___RandomizedSearchCV__niter_30__cv_5,5,3,BalancedRandomForestClassifier,resubstitution,425,15622,6512,1,0.7113031914893617,0.06126567680553553,0.9976525821596244,0.11544207524107021,0.7057919942170416,0.29420800578295836,0.8517222881883331,0.8391276455332778,0.20748971504789315,0.08280750593655561,0.9902488937419583,0.8779380888693422,22560,0.12972289125950726,0.014149593679072979,0.12509613684283155,0.012926660681014364,"{'classifier__ccp_alpha': np.float64(0.0059623973577495985), 'classifier__max_depth': 8, 'classifier__max_features': 'sqrt', 'classifier__max_leaf_nodes': 5, 'classifier__min_impurity_decrease': np.float64(0.00046965882724054887), 'classifier__min_samples_leaf': 2, 'classifier__min_samples_split': 8, 'classifier__n_estimators': 659, 'feature_selection_filter__k': 26}",22.601413249969482,"[0, 1, 2, 3, 4, 5, 6, 7, 8, 9, 10, 11, 12, 13, 14, 16, 17, 18, 19, 20, 21, 23, 24, 27, 28, 29]","['Amount_log1p', 'V1', 'V2', 'V3', 'V4', 'V5', 'V6', 'V7', 'V8', 'V9', 'V10', 'V11', 'V12', 'V13', 'V14', 'V16', 'V17', 'V18', 'V19', 'V20', 'V21', 'V23', 'V24', 'V27', 'V28', 'Time_sin']"
CostSensitiveLearning_with_RandomUnderSampler___RandomizedSearchCV__niter_30__cv_5,5,4,BalancedRandomForestClassifier,resubstitution,426,20642,1492,0,0.9338652482269504,0.22210636079249219,1.0,0.363481228668942,0.9325923917954279,0.06740760820457214,0.9662961958977139,0.9657082332648034,0.45512053595113516,0.34318407359065906,0.9975058022603255,0.9225415528649001,22560,0.42714431528350455,0.03267274829112338,0.4021651039516721,0.03882039821615162,"{'classifier__ccp_alpha': np.float64(0.0018296085048042977), 'classifier__max_depth': 6, 'classifier__max_features': 'sqrt', 'classifier__max_leaf_nodes': 18, 'classifier__min_impurity_decrease': np.float64(8.371144428263034e-05), 'classifier__min_samples_leaf': 1, 'classifier__min_samples_split': 6, 'classifier__n_estimators': 623, 'feature_selection_filter__k': 26}",21.577922344207764,"[0, 1, 2, 3, 4, 5, 6, 7, 8, 9, 10, 11, 12, 14, 16, 17, 18, 19, 20, 21, 23, 24, 27, 28, 29, 30]","['Amount_log1p', 'V1', 'V2', 'V3', 'V4', 'V5', 'V6', 'V7', 'V8', 'V9', 'V10', 'V11', 'V12', 'V14', 'V16', 'V17', 'V18', 'V19', 'V20', 'V21', 'V23', 'V24', 'V27', 'V28', 'Time_sin', 'Time_cos']"
CostSensitiveLearning_with_RandomUnderSampler___RandomizedSearchCV__niter_30__cv_5,5,5,BalancedRandomForestClassifier,resubstitution,421,15227,6908,4,0.6936170212765957,0.057443034520398416,0.9905882352941177,0.10858911529533144,0.6879150666365484,0.31208493336345156,0.839251650965333,0.8254941380117329,0.19696979085253588,0.07567175669035897,0.9902761397307962,0.8834362323041032,22560,0.13128559143830612,0.007693406724957538,0.1286772129772552,0.006549731927731784,"{'classifier__ccp_alpha': np.float64(0.0076582723622671415), 'classifier__max_depth': 10, 'classifier__max_features': 'sqrt', 'classifier__max_leaf_nodes': 16, 'classifier__min_impurity_decrease': np.float64(0.006998434308992341), 'classifier__min_samples_leaf': 5, 'classifier__min_samples_split': 8, 'classifier__n_estimators': 464, 'feature_selection_filter__k': 24}",21.958605527877808,"[0, 1, 2, 3, 4, 5, 6, 7, 8, 9, 10, 11, 12, 14, 16, 17, 18, 19, 20, 21, 23, 27, 28, 29]","['Amount_log1p', 'V1', 'V2', 'V3', 'V4', 'V5', 'V6', 'V7', 'V8', 'V9', 'V10', 'V11', 'V12', 'V14', 'V16', 'V17', 'V18', 'V19', 'V20', 'V21', 'V23', 'V27', 'V28', 'Time_sin']"
CostSensitiveLearning_with_RandomUnderSampler___RandomizedSearchCV__niter_30__cv_5,5,6,BalancedRandomForestClassifier,resubstitution,421,17344,4791,4,0.7874556737588653,0.08077513430544897,0.9905882352941177,0.14937023239311692,0.7835554551615089,0.21644454483849107,0.8870718452278132,0.8810112460028636,0.24970595319429298,0.11866757611911682,0.9917016170823423,0.8944166779427735,22560,0.17876362175205146,0.012807651823645922,0.1711202794624217,0.007071417742303044,"{'classifier__ccp_alpha': np.float64(0.0030594604623340473), 'classifier__max_depth': 13, 'classifier__max_features': 'sqrt', 'classifier__max_leaf_nodes': 16, 'classifier__min_impurity_decrease': np.float64(0.004926967128526583), 'classifier__min_samples_leaf': 7, 'classifier__min_samples_split': 6, 'classifier__n_estimators': 682, 'feature_selection_filter__k': 20}",23.040752172470093,"[1, 2, 3, 4, 5, 6, 7, 8, 9, 10, 11, 12, 14, 16, 17, 18, 19, 20, 21, 27]","['V1', 'V2', 'V3', 'V4', 'V5', 'V6', 'V7', 'V8', 'V9', 'V10', 'V11', 'V12', 'V14', 'V16', 'V17', 'V18', 'V19', 'V20', 'V21', 'V27']"
CostSensitiveLearning_with_RandomUnderSampler___RandomizedSearchCV__niter_30__cv_5,5,7,BalancedRandomForestClassifier,resubstitution,423,19776,2359,2,0.895345744680851,0.1520488856937455,0.9952941176470588,0.2637979420018709,0.8934266997967021,0.10657330020329792,0.9443604087218804,0.9429858635507121,0.36747672082795807,0.23892273254267105,0.9957370148420788,0.9073178290283727,22560,0.31631602387889796,0.022372941295252635,0.2995454634699624,0.02421013173156874,"{'classifier__ccp_alpha': np.float64(0.0033519948637027396), 'classifier__max_depth': 9, 'classifier__max_features': 'log2', 'classifier__max_leaf_nodes': 17, 'classifier__min_impurity_decrease': np.float64(0.0002407874896818596), 'classifier__min_samples_leaf': 4, 'classifier__min_samples_split': 5, 'classifier__n_estimators': 268, 'feature_selection_filter__k': 20}",22.219027757644653,"[1, 2, 3, 4, 5, 6, 7, 8, 9, 10, 11, 12, 14, 16, 17, 18, 19, 20, 21, 27]","['V1', 'V2', 'V3', 'V4', 'V5', 'V6', 'V7', 'V8', 'V9', 'V10', 'V11', 'V12', 'V14', 'V16', 'V17', 'V18', 'V19', 'V20', 'V21', 'V27']"
CostSensitiveLearning_with_RandomUnderSampler___RandomizedSearchCV__niter_30__cv_5,5,8,BalancedRandomForestClassifier,resubstitution,423,17166,4969,3,0.7796196977084349,0.07844955489614243,0.9929577464788732,0.14541079408731522,0.7755138920262028,0.2244861079737972,0.884235819252538,0.8775263680308407,0.2452590064154279,0.11441611671471463,0.9916001997982928,0.8880151385532806,22561,0.17246320307525695,0.01314195213478633,0.16772486008233736,0.008874937935277126,"{'classifier__ccp_alpha': np.float64(0.006745904281466845), 'classifier__max_depth': 11, 'classifier__max_features': 'sqrt', 'classifier__max_leaf_nodes': 17, 'classifier__min_impurity_decrease': np.float64(0.003466716841380646), 'classifier__min_samples_leaf': 9, 'classifier__min_samples_split': 2, 'classifier__n_estimators': 320, 'feature_selection_filter__k': 26}",21.41760778427124,"[0, 1, 2, 3, 4, 5, 6, 7, 8, 9, 10, 11, 12, 14, 16, 17, 18, 19, 20, 21, 22, 23, 24, 27, 28, 29]","['Amount_log1p', 'V1', 'V2', 'V3', 'V4', 'V5', 'V6', 'V7', 'V8', 'V9', 'V10', 'V11', 'V12', 'V14', 'V16', 'V17', 'V18', 'V19', 'V20', 'V21', 'V22', 'V23', 'V24', 'V27', 'V28', 'Time_sin']"
CostSensitiveLearning_with_RandomUnderSampler___RandomizedSearchCV__niter_30__cv_5,5,9,BalancedRandomForestClassifier,resubstitution,425,15287,6848,1,0.6964230308940207,0.058435308675924655,0.9976525821596244,0.11040394856474867,0.6906257058956404,0.30937429410435957,0.8441391440276325,0.8300629607400868,0.20043635747532562,0.07749380251262838,0.9911233987768188,0.8874683813768691,22561,0.13854869580031756,0.012114522125993168,0.13435736933526182,0.009383343850768675,"{'classifier__ccp_alpha': np.float64(0.0035522048113764628), 'classifier__max_depth': 5, 'classifier__max_features': 'log2', 'classifier__max_leaf_nodes': 10, 'classifier__min_impurity_decrease': np.float64(0.005847351767129316), 'classifier__min_samples_leaf': 7, 'classifier__min_samples_split': 6, 'classifier__n_estimators': 787, 'feature_selection_filter__k': 'all'}",23.072566270828247,"[0, 1, 2, 3, 4, 5, 6, 7, 8, 9, 10, 11, 12, 13, 14, 15, 16, 17, 18, 19, 20, 21, 22, 23, 24, 25, 26, 27, 28, 29, 30]","['Amount_log1p', 'V1', 'V2', 'V3', 'V4', 'V5', 'V6', 'V7', 'V8', 'V9', 'V10', 'V11', 'V12', 'V13', 'V14', 'V15', 'V16', 'V17', 'V18', 'V19', 'V20', 'V21', 'V22', 'V23', 'V24', 'V25', 'V26', 'V27', 'V28', 'Time_sin', 'Time_cos']"
CostSensitiveLearning_with_RandomUnderSampler___RandomizedSearchCV__niter_30__cv_5,5,10,BalancedRandomForestClassifier,resubstitution,424,18916,3219,2,0.8572315056956695,0.11638759264342574,0.9953051643192489,0.2084050135168346,0.8545742037497176,0.1454257962502824,0.9249396840344832,0.9222592467880731,0.3143653367221677,0.18070413823946196,0.9949433745761974,0.9014681089704812,22561,0.25783809432041316,0.009491925577536395,0.24743294701583532,0.014870975404516117,"{'classifier__ccp_alpha': np.float64(0.0037528642392145096), 'classifier__max_depth': 15, 'classifier__max_features': 'sqrt', 'classifier__max_leaf_nodes': 15, 'classifier__min_impurity_decrease': np.float64(0.003606189829258022), 'classifier__min_samples_leaf': 4, 'classifier__min_samples_split': 3, 'classifier__n_estimators': 242, 'feature_selection_filter__k': 24}",21.70261311531067,"[1, 2, 3, 4, 5, 6, 7, 8, 9, 10, 11, 12, 14, 16, 17, 18, 19, 20, 21, 23, 24, 27, 28, 29]","['V1', 'V2', 'V3', 'V4', 'V5', 'V6', 'V7', 'V8', 'V9', 'V10', 'V11', 'V12', 'V14', 'V16', 'V17', 'V18', 'V19', 'V20', 'V21', 'V23', 'V24', 'V27', 'V28', 'Time_sin']"
CostSensitiveLearning_with_RandomUnderSampler___RandomizedSearchCV__niter_30__cv_5,6,1,BalancedRandomForestClassifier,resubstitution,423,13598,8536,3,0.6214982269503546,0.047215090969974324,0.9929577464788732,0.09014384656366542,0.6143489653926086,0.38565103460739136,0.8036533559357409,0.7810394127237574,0.16893811524181426,0.056115193867064095,0.9873296812288447,0.8776197483373519,22560,0.10717052699319018,0.014816178167319902,0.10555617538536119,0.014946768636671182,"{'classifier__ccp_alpha': np.float64(0.009701491853478853), 'classifier__max_depth': 4, 'classifier__max_features': 'log2', 'classifier__max_leaf_nodes': 11, 'classifier__min_impurity_decrease': np.float64(0.0035576276566199327), 'classifier__min_samples_leaf': 8, 'classifier__min_samples_split': 3, 'classifier__n_estimators': 836, 'feature_selection_filter__k': 22}",21.394612312316895,"[1, 2, 3, 4, 5, 6, 7, 8, 9, 10, 11, 12, 14, 16, 17, 18, 19, 20, 21, 27, 28, 29]","['V1', 'V2', 'V3', 'V4', 'V5', 'V6', 'V7', 'V8', 'V9', 'V10', 'V11', 'V12', 'V14', 'V16', 'V17', 'V18', 'V19', 'V20', 'V21', 'V27', 'V28', 'Time_sin']"
CostSensitiveLearning_with_RandomUnderSampler___RandomizedSearchCV__niter_30__cv_5,6,2,BalancedRandomForestClassifier,resubstitution,424,16990,5144,2,0.7718971631205673,0.07614942528735633,0.9953051643192489,0.1414748081414748,0.7675973615252553,0.23240263847474474,0.8814512629222521,0.8740672846205354,0.2408418431217742,0.11026108504135601,0.9928931590809881,0.8922747033930065,22560,0.17599724458129734,0.011759026177435036,0.1698044595274247,0.013227020463444403,"{'classifier__ccp_alpha': np.float64(0.002469599584726011), 'classifier__max_depth': 9, 'classifier__max_features': 'sqrt', 'classifier__max_leaf_nodes': 18, 'classifier__min_impurity_decrease': np.float64(0.005119211843573813), 'classifier__min_samples_leaf': 2, 'classifier__min_samples_split': 7, 'classifier__n_estimators': 827, 'feature_selection_filter__k': 'all'}",21.780373334884644,"[0, 1, 2, 3, 4, 5, 6, 7, 8, 9, 10, 11, 12, 13, 14, 15, 16, 17, 18, 19, 20, 21, 22, 23, 24, 25, 26, 27, 28, 29, 30]","['Amount_log1p', 'V1', 'V2', 'V3', 'V4', 'V5', 'V6', 'V7', 'V8', 'V9', 'V10', 'V11', 'V12', 'V13', 'V14', 'V15', 'V16', 'V17', 'V18', 'V19', 'V20', 'V21', 'V22', 'V23', 'V24', 'V25', 'V26', 'V27', 'V28', 'Time_sin', 'Time_cos']"
CostSensitiveLearning_with_RandomUnderSampler___RandomizedSearchCV__niter_30__cv_5,6,3,BalancedRandomForestClassifier,resubstitution,423,16618,5516,3,0.755363475177305,0.07122411180333389,0.9929577464788732,0.1329143754909662,0.7507906388361796,0.24920936116382042,0.8718741926575264,0.8634253765185539,0.22986642994428044,0.10124369712377213,0.9921365108211997,0.8926006497394798,22560,0.15966249770339594,0.015220378074939101,0.15507993878906226,0.012461585572971529,"{'classifier__ccp_alpha': np.float64(0.007056622221309951), 'classifier__max_depth': 17, 'classifier__max_features': 'log2', 'classifier__max_leaf_nodes': 13, 'classifier__min_impurity_decrease': np.float64(0.004767582998229736), 'classifier__min_samples_leaf': 3, 'classifier__min_samples_split': 5, 'classifier__n_estimators': 931, 'feature_selection_filter__k': 26}",23.341280937194824,"[0, 1, 2, 3, 4, 5, 6, 7, 8, 9, 10, 11, 12, 14, 16, 17, 18, 19, 20, 21, 22, 23, 24, 27, 28, 29]","['Amount_log1p', 'V1', 'V2', 'V3', 'V4', 'V5', 'V6', 'V7', 'V8', 'V9', 'V10', 'V11', 'V12', 'V14', 'V16', 'V17', 'V18', 'V19', 'V20', 'V21', 'V22', 'V23', 'V24', 'V27', 'V28', 'Time_sin']"
CostSensitiveLearning_with_RandomUnderSampler___RandomizedSearchCV__niter_30__cv_5,6,4,BalancedRandomForestClassifier,resubstitution,423,16286,5848,3,0.7406471631205673,0.06745335672141604,0.9929577464788732,0.12632522024787218,0.7357910906298003,0.2642089093701997,0.8643744185543367,0.8547569614989976,0.22140988943962098,0.0942962353847665,0.9915058557119653,0.9002361288402986,22560,0.15130069207945246,0.009033639591991266,0.14923521716932234,0.010680367230359533,"{'classifier__ccp_alpha': np.float64(0.0057752962751887495), 'classifier__max_depth': 4, 'classifier__max_features': 'log2', 'classifier__max_leaf_nodes': 7, 'classifier__min_impurity_decrease': np.float64(0.00122399119085842), 'classifier__min_samples_leaf': 2, 'classifier__min_samples_split': 9, 'classifier__n_estimators': 964, 'feature_selection_filter__k': 28}",22.295487880706787,"[0, 1, 2, 3, 4, 5, 6, 7, 8, 9, 10, 11, 12, 14, 16, 17, 18, 19, 20, 21, 22, 23, 24, 26, 27, 28, 29, 30]","['Amount_log1p', 'V1', 'V2', 'V3', 'V4', 'V5', 'V6', 'V7', 'V8', 'V9', 'V10', 'V11', 'V12', 'V14', 'V16', 'V17', 'V18', 'V19', 'V20', 'V21', 'V22', 'V23', 'V24', 'V26', 'V27', 'V28', 'Time_sin', 'Time_cos']"
CostSensitiveLearning_with_RandomUnderSampler___RandomizedSearchCV__niter_30__cv_5,6,5,BalancedRandomForestClassifier,resubstitution,421,15142,6993,4,0.6898492907801419,0.05678446182897221,0.9905882352941177,0.10741165965046562,0.6840749943528349,0.3159250056471651,0.8373316148234763,0.8231868812516441,0.1952747102484763,0.07442932971608696,0.9896972322247173,0.8917208735009954,22560,0.13175245057656199,0.012460927052730594,0.12886735790103454,0.008952910740804976,"{'classifier__ccp_alpha': np.float64(0.007893314796090319), 'classifier__max_depth': 11, 'classifier__max_features': 'log2', 'classifier__max_leaf_nodes': 16, 'classifier__min_impurity_decrease': np.float64(0.007145235628506219), 'classifier__min_samples_leaf': 5, 'classifier__min_samples_split': 4, 'classifier__n_estimators': 219, 'feature_selection_filter__k': 22}",17.6148579120636,"[1, 2, 3, 4, 5, 6, 7, 8, 9, 10, 11, 12, 14, 16, 17, 18, 19, 20, 21, 27, 28, 29]","['V1', 'V2', 'V3', 'V4', 'V5', 'V6', 'V7', 'V8', 'V9', 'V10', 'V11', 'V12', 'V14', 'V16', 'V17', 'V18', 'V19', 'V20', 'V21', 'V27', 'V28', 'Time_sin']"
CostSensitiveLearning_with_RandomUnderSampler___RandomizedSearchCV__niter_30__cv_5,6,6,BalancedRandomForestClassifier,resubstitution,423,18033,4102,2,0.8180851063829787,0.09348066298342542,0.9952941176470588,0.1709090909090909,0.8146826293200813,0.1853173706799187,0.90498837348357,0.900471448026819,0.2750042555065018,0.1413346069932273,0.9934083631193611,0.8924317542116028,22560,0.19186129646192102,0.008236832360042023,0.18415652887716077,0.008269373876986178,"{'classifier__ccp_alpha': np.float64(0.003218338639209367), 'classifier__max_depth': 7, 'classifier__max_features': 'sqrt', 'classifier__max_leaf_nodes': 7, 'classifier__min_impurity_decrease': np.float64(0.0023271498583203876), 'classifier__min_samples_leaf': 4, 'classifier__min_samples_split': 6, 'classifier__n_estimators': 631, 'feature_selection_filter__k': 22}",25.245726346969604,"[1, 2, 3, 4, 5, 6, 7, 8, 9, 10, 11, 12, 14, 16, 17, 18, 19, 20, 21, 27, 28, 29]","['V1', 'V2', 'V3', 'V4', 'V5', 'V6', 'V7', 'V8', 'V9', 'V10', 'V11', 'V12', 'V14', 'V16', 'V17', 'V18', 'V19', 'V20', 'V21', 'V27', 'V28', 'Time_sin']"
CostSensitiveLearning_with_RandomUnderSampler___RandomizedSearchCV__niter_30__cv_5,6,7,BalancedRandomForestClassifier,resubstitution,424,19777,2358,1,0.8954343971631206,0.15240833932422718,0.9976470588235294,0.2644215777985656,0.8934718771176869,0.10652812288231306,0.9455594679706082,0.944123715594518,0.36846831763125626,0.23956744009663744,0.9963440917365365,0.9063558114266971,22560,0.30132127989464574,0.024956968119036894,0.28687792014729013,0.0312070672480513,"{'classifier__ccp_alpha': np.float64(0.0008582452199506508), 'classifier__max_depth': 18, 'classifier__max_features': 'log2', 'classifier__max_leaf_nodes': 19, 'classifier__min_impurity_decrease': np.float64(0.0024307963183221593), 'classifier__min_samples_leaf': 7, 'classifier__min_samples_split': 4, 'classifier__n_estimators': 214, 'feature_selection_filter__k': 26}",19.41413450241089,"[0, 1, 2, 3, 4, 5, 6, 7, 8, 9, 10, 11, 12, 14, 16, 17, 18, 19, 20, 21, 23, 24, 27, 28, 29, 30]","['Amount_log1p', 'V1', 'V2', 'V3', 'V4', 'V5', 'V6', 'V7', 'V8', 'V9', 'V10', 'V11', 'V12', 'V14', 'V16', 'V17', 'V18', 'V19', 'V20', 'V21', 'V23', 'V24', 'V27', 'V28', 'Time_sin', 'Time_cos']"
CostSensitiveLearning_with_RandomUnderSampler___RandomizedSearchCV__niter_30__cv_5,6,8,BalancedRandomForestClassifier,resubstitution,423,16349,5786,3,0.7434067638845796,0.06812691254630375,0.9929577464788732,0.12750565184626977,0.7386040207815676,0.2613959792184324,0.8657808836302204,0.8563892713103664,0.222945799335157,0.09554245816823526,0.9914017801561269,0.890367506973126,22561,0.15045644333878308,0.003748298217757654,0.14693514335625607,0.004144627228016553,"{'classifier__ccp_alpha': np.float64(0.006722785586307918), 'classifier__max_depth': 11, 'classifier__max_features': 'log2', 'classifier__max_leaf_nodes': 10, 'classifier__min_impurity_decrease': np.float64(0.0031446387626298147), 'classifier__min_samples_leaf': 6, 'classifier__min_samples_split': 6, 'classifier__n_estimators': 485, 'feature_selection_filter__k': 26}",21.17450189590454,"[0, 1, 2, 3, 4, 5, 6, 7, 8, 9, 10, 11, 12, 14, 16, 17, 18, 19, 20, 21, 23, 24, 26, 27, 28, 29]","['Amount_log1p', 'V1', 'V2', 'V3', 'V4', 'V5', 'V6', 'V7', 'V8', 'V9', 'V10', 'V11', 'V12', 'V14', 'V16', 'V17', 'V18', 'V19', 'V20', 'V21', 'V23', 'V24', 'V26', 'V27', 'V28', 'Time_sin']"
CostSensitiveLearning_with_RandomUnderSampler___RandomizedSearchCV__niter_30__cv_5,6,9,BalancedRandomForestClassifier,resubstitution,425,15801,6334,1,0.7192057089668011,0.06287912413078858,0.9976525821596244,0.11830201809324982,0.7138468488818613,0.28615315111813866,0.8557497155207429,0.843902335613251,0.2114082191717383,0.08582576632245553,0.9910126295003664,0.8849145856303845,22561,0.143047324624132,0.009057204912556356,0.14090457041583898,0.007613469154613782,"{'classifier__ccp_alpha': np.float64(0.005446848781786476), 'classifier__max_depth': 17, 'classifier__max_features': 'sqrt', 'classifier__max_leaf_nodes': 15, 'classifier__min_impurity_decrease': np.float64(0.007539490823369988), 'classifier__min_samples_leaf': 4, 'classifier__min_samples_split': 8, 'classifier__n_estimators': 743, 'feature_selection_filter__k': 28}",21.60271382331848,"[0, 1, 2, 3, 4, 5, 6, 7, 8, 9, 10, 11, 12, 13, 14, 16, 17, 18, 19, 20, 21, 22, 24, 25, 27, 28, 29, 30]","['Amount_log1p', 'V1', 'V2', 'V3', 'V4', 'V5', 'V6', 'V7', 'V8', 'V9', 'V10', 'V11', 'V12', 'V13', 'V14', 'V16', 'V17', 'V18', 'V19', 'V20', 'V21', 'V22', 'V24', 'V25', 'V27', 'V28', 'Time_sin', 'Time_cos']"
CostSensitiveLearning_with_RandomUnderSampler___RandomizedSearchCV__niter_30__cv_5,6,10,BalancedRandomForestClassifier,resubstitution,424,17821,4314,2,0.8086964230308941,0.089489235964542,0.9953051643192489,0.16421378776142526,0.8051050372712898,0.1948949627287102,0.9002051007952694,0.895167694577701,0.26746640859104454,0.13421525588542216,0.9933869840532541,0.8944454200515399,22561,0.19418426417690288,0.012623621765297223,0.1860669145220273,0.011308363150900022,"{'classifier__ccp_alpha': np.float64(0.004530485623704608), 'classifier__max_depth': 18, 'classifier__max_features': 'log2', 'classifier__max_leaf_nodes': 8, 'classifier__min_impurity_decrease': np.float64(0.0017791258487038887), 'classifier__min_samples_leaf': 6, 'classifier__min_samples_split': 6, 'classifier__n_estimators': 838, 'feature_selection_filter__k': 28}",23.41045832633972,"[0, 1, 2, 3, 4, 5, 6, 7, 8, 9, 10, 11, 12, 14, 15, 16, 17, 18, 19, 20, 21, 23, 24, 25, 27, 28, 29, 30]","['Amount_log1p', 'V1', 'V2', 'V3', 'V4', 'V5', 'V6', 'V7', 'V8', 'V9', 'V10', 'V11', 'V12', 'V14', 'V15', 'V16', 'V17', 'V18', 'V19', 'V20', 'V21', 'V23', 'V24', 'V25', 'V27', 'V28', 'Time_sin', 'Time_cos']"
CostSensitiveLearning_with_RandomUnderSampler___RandomizedSearchCV__niter_30__cv_5,7,1,BalancedRandomForestClassifier,resubstitution,424,19095,3039,2,0.8652039007092198,0.12243719318509963,0.9953051643192489,0.21805091283106198,0.8626999186771482,0.13730008132285176,0.9290025414981986,0.9266335221203481,0.3239782037771731,0.1908395887761949,0.995323458779241,0.8993188497906683,22560,0.26004801904844743,0.02503932465803219,0.24925721317501542,0.019424606635407817,"{'classifier__ccp_alpha': np.float64(0.0036454124157554225), 'classifier__max_depth': 15, 'classifier__max_features': 'sqrt', 'classifier__max_leaf_nodes': 12, 'classifier__min_impurity_decrease': np.float64(0.002939812691347221), 'classifier__min_samples_leaf': 4, 'classifier__min_samples_split': 2, 'classifier__n_estimators': 564, 'feature_selection_filter__k': 26}",23.151920557022095,"[0, 1, 2, 3, 4, 5, 6, 7, 8, 9, 10, 11, 12, 13, 14, 16, 17, 18, 19, 20, 21, 23, 24, 27, 28, 29]","['Amount_log1p', 'V1', 'V2', 'V3', 'V4', 'V5', 'V6', 'V7', 'V8', 'V9', 'V10', 'V11', 'V12', 'V13', 'V14', 'V16', 'V17', 'V18', 'V19', 'V20', 'V21', 'V23', 'V24', 'V27', 'V28', 'Time_sin']"
CostSensitiveLearning_with_RandomUnderSampler___RandomizedSearchCV__niter_30__cv_5,7,2,BalancedRandomForestClassifier,resubstitution,425,20268,1866,1,0.9172429078014185,0.18550851156700132,0.9976525821596244,0.31284504968715493,0.9156953103822174,0.08430468961778259,0.9566739462709208,0.9557958939408967,0.4115686416242371,0.29024311775688394,0.9970629172462564,0.9162203354708276,22560,0.3720796651111241,0.024478148322842487,0.3427990662540141,0.02391176416741782,"{'classifier__ccp_alpha': np.float64(0.0021527348928559766), 'classifier__max_depth': 7, 'classifier__max_features': 'sqrt', 'classifier__max_leaf_nodes': 16, 'classifier__min_impurity_decrease': np.float64(0.0013673686339184755), 'classifier__min_samples_leaf': 4, 'classifier__min_samples_split': 6, 'classifier__n_estimators': 539, 'feature_selection_filter__k': 'all'}",23.187195301055908,"[0, 1, 2, 3, 4, 5, 6, 7, 8, 9, 10, 11, 12, 13, 14, 15, 16, 17, 18, 19, 20, 21, 22, 23, 24, 25, 26, 27, 28, 29, 30]","['Amount_log1p', 'V1', 'V2', 'V3', 'V4', 'V5', 'V6', 'V7', 'V8', 'V9', 'V10', 'V11', 'V12', 'V13', 'V14', 'V15', 'V16', 'V17', 'V18', 'V19', 'V20', 'V21', 'V22', 'V23', 'V24', 'V25', 'V26', 'V27', 'V28', 'Time_sin', 'Time_cos']"
CostSensitiveLearning_with_RandomUnderSampler___RandomizedSearchCV__niter_30__cv_5,7,3,BalancedRandomForestClassifier,resubstitution,426,12622,9512,0,0.5783687943262411,0.0428657677601127,1.0,0.08220764183712852,0.5702539080148188,0.4297460919851812,0.7851269540074094,0.755151579495679,0.1563469589894856,0.04772220388586601,0.9884944285150075,0.8847040059370056,22560,0.09792552335288376,0.0070079191206667,0.09537372375466521,0.005499997889900892,"{'classifier__ccp_alpha': np.float64(0.003596194432870804), 'classifier__max_depth': 10, 'classifier__max_features': 'sqrt', 'classifier__max_leaf_nodes': 9, 'classifier__min_impurity_decrease': np.float64(0.010641992286305314), 'classifier__min_samples_leaf': 3, 'classifier__min_samples_split': 2, 'classifier__n_estimators': 589, 'feature_selection_filter__k': 28}",19.871998071670532,"[0, 1, 2, 3, 4, 5, 6, 7, 8, 9, 10, 11, 12, 14, 16, 17, 18, 19, 20, 21, 22, 24, 25, 26, 27, 28, 29, 30]","['Amount_log1p', 'V1', 'V2', 'V3', 'V4', 'V5', 'V6', 'V7', 'V8', 'V9', 'V10', 'V11', 'V12', 'V14', 'V16', 'V17', 'V18', 'V19', 'V20', 'V21', 'V22', 'V24', 'V25', 'V26', 'V27', 'V28', 'Time_sin', 'Time_cos']"
CostSensitiveLearning_with_RandomUnderSampler___RandomizedSearchCV__niter_30__cv_5,7,4,BalancedRandomForestClassifier,resubstitution,422,17867,4267,4,0.8106826241134751,0.08999786734911495,0.9906103286384976,0.16500488758553275,0.8072196620583717,0.1927803379416283,0.8989149953484347,0.8942259975616346,0.26762739457393536,0.13506011506061277,0.9922449518956454,0.8975990017330586,22560,0.18181534248402498,0.014017543048770339,0.17778723710994543,0.018657070824327205,"{'classifier__ccp_alpha': np.float64(0.0017566709488574883), 'classifier__max_depth': 10, 'classifier__max_features': 'sqrt', 'classifier__max_leaf_nodes': 7, 'classifier__min_impurity_decrease': np.float64(0.002570251837925797), 'classifier__min_samples_leaf': 1, 'classifier__min_samples_split': 2, 'classifier__n_estimators': 803, 'feature_selection_filter__k': 22}",23.9221830368042,"[1, 2, 3, 4, 5, 6, 7, 8, 9, 10, 11, 12, 14, 16, 17, 18, 19, 20, 21, 23, 27, 29]","['V1', 'V2', 'V3', 'V4', 'V5', 'V6', 'V7', 'V8', 'V9', 'V10', 'V11', 'V12', 'V14', 'V16', 'V17', 'V18', 'V19', 'V20', 'V21', 'V23', 'V27', 'Time_sin']"
CostSensitiveLearning_with_RandomUnderSampler___RandomizedSearchCV__niter_30__cv_5,7,5,BalancedRandomForestClassifier,resubstitution,421,16645,5490,4,0.7564716312056737,0.07122314329216714,0.9905882352941177,0.13289141414141414,0.7519765077930879,0.2480234922069121,0.8712823715436028,0.863075362779745,0.22958525748258377,0.10130216397960468,0.9909022442498572,0.8912127136888829,22560,0.15598261178067713,0.013007586780555925,0.15092200068357092,0.010401492788637647,"{'classifier__ccp_alpha': np.float64(0.0073543532138809625), 'classifier__max_depth': 16, 'classifier__max_features': 'sqrt', 'classifier__max_leaf_nodes': 19, 'classifier__min_impurity_decrease': np.float64(0.0036195323888421394), 'classifier__min_samples_leaf': 7, 'classifier__min_samples_split': 8, 'classifier__n_estimators': 939, 'feature_selection_filter__k': 20}",23.046918630599976,"[1, 2, 3, 4, 5, 6, 7, 8, 9, 10, 11, 12, 14, 16, 17, 18, 19, 20, 21, 27]","['V1', 'V2', 'V3', 'V4', 'V5', 'V6', 'V7', 'V8', 'V9', 'V10', 'V11', 'V12', 'V14', 'V16', 'V17', 'V18', 'V19', 'V20', 'V21', 'V27']"
CostSensitiveLearning_with_RandomUnderSampler___RandomizedSearchCV__niter_30__cv_5,7,6,BalancedRandomForestClassifier,resubstitution,422,17356,4779,3,0.788031914893617,0.08113824264564506,0.9929411764705882,0.1500177746178457,0.7840975830133273,0.21590241698667267,0.8885193797419577,0.8823620439167802,0.2508251797267194,0.11934355855114176,0.9926999295765291,0.8912537287118978,22560,0.18043867223721483,0.014050254850962743,0.17532868167978308,0.009596759431185568,"{'classifier__ccp_alpha': np.float64(0.0008692461172064614), 'classifier__max_depth': 9, 'classifier__max_features': 'sqrt', 'classifier__max_leaf_nodes': 16, 'classifier__min_impurity_decrease': np.float64(0.005156462511379445), 'classifier__min_samples_leaf': 8, 'classifier__min_samples_split': 3, 'classifier__n_estimators': 781, 'feature_selection_filter__k': 'all'}",22.990643739700317,"[0, 1, 2, 3, 4, 5, 6, 7, 8, 9, 10, 11, 12, 13, 14, 15, 16, 17, 18, 19, 20, 21, 22, 23, 24, 25, 26, 27, 28, 29, 30]","['Amount_log1p', 'V1', 'V2', 'V3', 'V4', 'V5', 'V6', 'V7', 'V8', 'V9', 'V10', 'V11', 'V12', 'V13', 'V14', 'V15', 'V16', 'V17', 'V18', 'V19', 'V20', 'V21', 'V22', 'V23', 'V24', 'V25', 'V26', 'V27', 'V28', 'Time_sin', 'Time_cos']"
CostSensitiveLearning_with_RandomUnderSampler___RandomizedSearchCV__niter_30__cv_5,7,7,BalancedRandomForestClassifier,resubstitution,423,16306,5829,2,0.7415336879432625,0.06765834932821498,0.9952941176470588,0.1267036094054216,0.7366613959792184,0.2633386040207816,0.8659777568131386,0.8562679219238489,0.22233563681586532,0.0947678389021882,0.9908371357578496,0.881843064450997,22560,0.15316530818923374,0.015507682005128516,0.14918146340366517,0.010301720768371903,"{'classifier__ccp_alpha': np.float64(0.005959279686104075), 'classifier__max_depth': 17, 'classifier__max_features': 'sqrt', 'classifier__max_leaf_nodes': 13, 'classifier__min_impurity_decrease': np.float64(0.00645471200436042), 'classifier__min_samples_leaf': 3, 'classifier__min_samples_split': 8, 'classifier__n_estimators': 891, 'feature_selection_filter__k': 28}",22.607213020324707,"[0, 1, 2, 3, 4, 5, 6, 7, 8, 9, 10, 11, 12, 14, 16, 17, 18, 19, 20, 21, 23, 24, 25, 26, 27, 28, 29, 30]","['Amount_log1p', 'V1', 'V2', 'V3', 'V4', 'V5', 'V6', 'V7', 'V8', 'V9', 'V10', 'V11', 'V12', 'V14', 'V16', 'V17', 'V18', 'V19', 'V20', 'V21', 'V23', 'V24', 'V25', 'V26', 'V27', 'V28', 'Time_sin', 'Time_cos']"
CostSensitiveLearning_with_RandomUnderSampler___RandomizedSearchCV__niter_30__cv_5,7,8,BalancedRandomForestClassifier,resubstitution,423,15093,7042,3,0.6877354727184078,0.05666443402545211,0.9929577464788732,0.10721074641997212,0.6818613056245765,0.3181386943754235,0.8374095260517249,0.8228362324570557,0.19520280254657552,0.07413365482394874,0.9893728306136799,0.8998891736215767,22561,0.12642481737982922,0.013373969840281897,0.12334166508277315,0.011431590391939406,"{'classifier__ccp_alpha': np.float64(0.009226496387368905), 'classifier__max_depth': 9, 'classifier__max_features': 'log2', 'classifier__max_leaf_nodes': 15, 'classifier__min_impurity_decrease': np.float64(0.009285600815991312), 'classifier__min_samples_leaf': 8, 'classifier__min_samples_split': 7, 'classifier__n_estimators': 745, 'feature_selection_filter__k': 20}",19.626635789871216,"[1, 2, 3, 4, 5, 6, 7, 8, 9, 10, 11, 12, 14, 16, 17, 18, 19, 20, 21, 27]","['V1', 'V2', 'V3', 'V4', 'V5', 'V6', 'V7', 'V8', 'V9', 'V10', 'V11', 'V12', 'V14', 'V16', 'V17', 'V18', 'V19', 'V20', 'V21', 'V27']"
CostSensitiveLearning_with_RandomUnderSampler___RandomizedSearchCV__niter_30__cv_5,7,9,BalancedRandomForestClassifier,resubstitution,421,17143,4992,5,0.7785115907982803,0.07777572510622575,0.9882629107981221,0.1442027744476794,0.774474813643551,0.22552518635644903,0.8813688622208365,0.8748626941818978,0.2431050824936203,0.1131551445978154,0.9914250581419395,0.893337853904316,22561,0.17302616381801425,0.01413884905396299,0.16857655290016524,0.010611133486487428,"{'classifier__ccp_alpha': np.float64(0.0064407408862758595), 'classifier__max_depth': 17, 'classifier__max_features': 'sqrt', 'classifier__max_leaf_nodes': 17, 'classifier__min_impurity_decrease': np.float64(0.004021614297145904), 'classifier__min_samples_leaf': 3, 'classifier__min_samples_split': 6, 'classifier__n_estimators': 804, 'feature_selection_filter__k': 20}",23.97797203063965,"[1, 2, 3, 4, 5, 6, 7, 8, 9, 10, 11, 12, 14, 16, 17, 18, 19, 20, 21, 27]","['V1', 'V2', 'V3', 'V4', 'V5', 'V6', 'V7', 'V8', 'V9', 'V10', 'V11', 'V12', 'V14', 'V16', 'V17', 'V18', 'V19', 'V20', 'V21', 'V27']"
CostSensitiveLearning_with_RandomUnderSampler___RandomizedSearchCV__niter_30__cv_5,7,10,BalancedRandomForestClassifier,resubstitution,425,13468,8667,1,0.6157971721111652,0.046744390673119224,0.9976525821596244,0.08930447573019541,0.6084481590241698,0.3915518409758302,0.8030503705918971,0.7791148034537226,0.16818683108185475,0.055222519952174864,0.9881967355673837,0.8800335810930874,22561,0.11400537954663985,0.009322882744004033,0.11142735678733533,0.00868790979252027,"{'classifier__ccp_alpha': np.float64(0.00955758071427684), 'classifier__max_depth': 19, 'classifier__max_features': 'sqrt', 'classifier__max_leaf_nodes': 14, 'classifier__min_impurity_decrease': np.float64(0.006934179411604258), 'classifier__min_samples_leaf': 3, 'classifier__min_samples_split': 5, 'classifier__n_estimators': 605, 'feature_selection_filter__k': 28}",21.8353054523468,"[0, 1, 2, 3, 4, 5, 6, 7, 8, 9, 10, 11, 12, 14, 16, 17, 18, 19, 20, 21, 22, 23, 24, 25, 27, 28, 29, 30]","['Amount_log1p', 'V1', 'V2', 'V3', 'V4', 'V5', 'V6', 'V7', 'V8', 'V9', 'V10', 'V11', 'V12', 'V14', 'V16', 'V17', 'V18', 'V19', 'V20', 'V21', 'V22', 'V23', 'V24', 'V25', 'V27', 'V28', 'Time_sin', 'Time_cos']"
CostSensitiveLearning_with_RandomUnderSampler___RandomizedSearchCV__niter_30__cv_5,8,1,BalancedRandomForestClassifier,resubstitution,426,18982,3152,0,0.8602836879432624,0.11906092789267747,1.0,0.2127872127872128,0.8575946507635313,0.14240534923646875,0.9287973253817656,0.9260640640709104,0.3195403180753607,0.1852925462660111,0.9962437496579732,0.9114270270979922,22560,0.2475312512719403,0.013864244587809719,0.23782973122805634,0.018686781963293993,"{'classifier__ccp_alpha': np.float64(0.0012006750028401526), 'classifier__max_depth': 8, 'classifier__max_features': 'log2', 'classifier__max_leaf_nodes': 10, 'classifier__min_impurity_decrease': np.float64(0.0004944924811720709), 'classifier__min_samples_leaf': 2, 'classifier__min_samples_split': 4, 'classifier__n_estimators': 558, 'feature_selection_filter__k': 'all'}",22.841564178466797,"[0, 1, 2, 3, 4, 5, 6, 7, 8, 9, 10, 11, 12, 13, 14, 15, 16, 17, 18, 19, 20, 21, 22, 23, 24, 25, 26, 27, 28, 29, 30]","['Amount_log1p', 'V1', 'V2', 'V3', 'V4', 'V5', 'V6', 'V7', 'V8', 'V9', 'V10', 'V11', 'V12', 'V13', 'V14', 'V15', 'V16', 'V17', 'V18', 'V19', 'V20', 'V21', 'V22', 'V23', 'V24', 'V25', 'V26', 'V27', 'V28', 'Time_sin', 'Time_cos']"
CostSensitiveLearning_with_RandomUnderSampler___RandomizedSearchCV__niter_30__cv_5,8,2,BalancedRandomForestClassifier,resubstitution,424,15042,7092,2,0.6855496453900709,0.056412985630654604,0.9953051643192489,0.10677411231427852,0.6795879642179452,0.3204120357820548,0.8374465642685971,0.822433833445175,0.19489231333768195,0.07366674529238915,0.9895884902499543,0.8951221505786606,22560,0.12411537132869235,0.005793620228136061,0.12197843963453373,0.004989730777236998,"{'classifier__ccp_alpha': np.float64(0.008426108032485726), 'classifier__max_depth': 6, 'classifier__max_features': 'sqrt', 'classifier__max_leaf_nodes': 5, 'classifier__min_impurity_decrease': np.float64(0.0036702005898833438), 'classifier__min_samples_leaf': 6, 'classifier__min_samples_split': 2, 'classifier__n_estimators': 842, 'feature_selection_filter__k': 28}",23.466832160949707,"[0, 1, 2, 3, 4, 5, 6, 7, 8, 9, 10, 11, 12, 14, 16, 17, 18, 19, 20, 21, 23, 24, 25, 26, 27, 28, 29, 30]","['Amount_log1p', 'V1', 'V2', 'V3', 'V4', 'V5', 'V6', 'V7', 'V8', 'V9', 'V10', 'V11', 'V12', 'V14', 'V16', 'V17', 'V18', 'V19', 'V20', 'V21', 'V23', 'V24', 'V25', 'V26', 'V27', 'V28', 'Time_sin', 'Time_cos']"
CostSensitiveLearning_with_RandomUnderSampler___RandomizedSearchCV__niter_30__cv_5,8,3,BalancedRandomForestClassifier,resubstitution,425,18863,3271,1,0.8549645390070922,0.11498917748917749,0.9976525821596244,0.20621057738961668,0.8522183066775098,0.14778169332249025,0.9249354444185671,0.922072553664038,0.3125394406332488,0.17838840520244303,0.9946985306313955,0.900285233984342,22560,0.24480832068402864,0.01616380107742229,0.23645761388108047,0.014585557715841638,"{'classifier__ccp_alpha': np.float64(0.001516319671751467), 'classifier__max_depth': 9, 'classifier__max_features': 'sqrt', 'classifier__max_leaf_nodes': 10, 'classifier__min_impurity_decrease': np.float64(0.0009412201954591471), 'classifier__min_samples_leaf': 4, 'classifier__min_samples_split': 7, 'classifier__n_estimators': 194, 'feature_selection_filter__k': 20}",19.51939582824707,"[1, 2, 3, 4, 5, 6, 7, 8, 9, 10, 11, 12, 14, 16, 17, 18, 19, 20, 21, 27]","['V1', 'V2', 'V3', 'V4', 'V5', 'V6', 'V7', 'V8', 'V9', 'V10', 'V11', 'V12', 'V14', 'V16', 'V17', 'V18', 'V19', 'V20', 'V21', 'V27']"
CostSensitiveLearning_with_RandomUnderSampler___RandomizedSearchCV__niter_30__cv_5,8,4,BalancedRandomForestClassifier,resubstitution,424,15428,6706,2,0.7026595744680851,0.059467040673211784,0.9953051643192489,0.11222869242985707,0.6970271979759646,0.3029728020240354,0.8461661811476067,0.8329194257648533,0.20268502231147645,0.07942229570663673,0.991057402818768,0.8896582937268201,22560,0.13990035114470958,0.019105978059793905,0.13562290137805436,0.018713448585042248,"{'classifier__ccp_alpha': np.float64(0.008069472445422273), 'classifier__max_depth': 7, 'classifier__max_features': 'log2', 'classifier__max_leaf_nodes': 9, 'classifier__min_impurity_decrease': np.float64(3.543185511435399e-05), 'classifier__min_samples_leaf': 2, 'classifier__min_samples_split': 8, 'classifier__n_estimators': 129, 'feature_selection_filter__k': 26}",21.163814783096313,"[0, 1, 2, 3, 4, 5, 6, 7, 8, 9, 10, 11, 12, 14, 16, 17, 18, 19, 20, 21, 22, 23, 24, 27, 28, 29]","['Amount_log1p', 'V1', 'V2', 'V3', 'V4', 'V5', 'V6', 'V7', 'V8', 'V9', 'V10', 'V11', 'V12', 'V14', 'V16', 'V17', 'V18', 'V19', 'V20', 'V21', 'V22', 'V23', 'V24', 'V27', 'V28', 'Time_sin']"
CostSensitiveLearning_with_RandomUnderSampler___RandomizedSearchCV__niter_30__cv_5,8,5,BalancedRandomForestClassifier,resubstitution,423,19320,2815,2,0.8751329787234042,0.13063619518221123,0.9952941176470588,0.23095823095823095,0.8728258414276033,0.12717415857239667,0.934059979537331,0.9320506561894788,0.3366274353447046,0.20446221555040767,0.9949503979590482,0.9088238035314495,22560,0.2748719958938853,0.032838207473446145,0.2632723359487103,0.03620893892299187,"{'classifier__ccp_alpha': np.float64(0.003751686332887789), 'classifier__max_depth': 17, 'classifier__max_features': 'sqrt', 'classifier__max_leaf_nodes': 12, 'classifier__min_impurity_decrease': np.float64(0.00024915068582371803), 'classifier__min_samples_leaf': 2, 'classifier__min_samples_split': 5, 'classifier__n_estimators': 991, 'feature_selection_filter__k': 20}",23.82639193534851,"[1, 2, 3, 4, 5, 6, 7, 8, 9, 10, 11, 12, 14, 16, 17, 18, 19, 20, 21, 27]","['V1', 'V2', 'V3', 'V4', 'V5', 'V6', 'V7', 'V8', 'V9', 'V10', 'V11', 'V12', 'V14', 'V16', 'V17', 'V18', 'V19', 'V20', 'V21', 'V27']"
CostSensitiveLearning_with_RandomUnderSampler___RandomizedSearchCV__niter_30__cv_5,8,6,BalancedRandomForestClassifier,resubstitution,423,19328,2807,2,0.8754875886524822,0.13095975232198143,0.9952941176470588,0.23146374829001368,0.8731872599954823,0.1268127400045177,0.9342406888212705,0.9322436073676539,0.3371145913756306,0.20499301855571295,0.9950945933376739,0.8960851687935906,22560,0.273150057221815,0.01956533988970369,0.2602376281654458,0.02014357258603945,"{'classifier__ccp_alpha': np.float64(0.00038603253866686504), 'classifier__max_depth': 8, 'classifier__max_features': 'sqrt', 'classifier__max_leaf_nodes': 11, 'classifier__min_impurity_decrease': np.float64(0.002185789954282169), 'classifier__min_samples_leaf': 3, 'classifier__min_samples_split': 9, 'classifier__n_estimators': 980, 'feature_selection_filter__k': 20}",25.070984363555908,"[1, 2, 3, 4, 5, 6, 7, 8, 9, 10, 11, 12, 14, 16, 17, 18, 19, 20, 21, 27]","['V1', 'V2', 'V3', 'V4', 'V5', 'V6', 'V7', 'V8', 'V9', 'V10', 'V11', 'V12', 'V14', 'V16', 'V17', 'V18', 'V19', 'V20', 'V21', 'V27']"
CostSensitiveLearning_with_RandomUnderSampler___RandomizedSearchCV__niter_30__cv_5,8,7,BalancedRandomForestClassifier,resubstitution,422,17120,5015,3,0.7775709219858156,0.07761633253632517,0.9929411764705882,0.14397816444899353,0.773435735260899,0.22656426473910096,0.8831884558657437,0.8763425066116282,0.24361669429334404,0.11298068164713782,0.9924890312122138,0.8946113326155268,22560,0.17657840959100773,0.022693142898594976,0.17234756582428098,0.017263444317203697,"{'classifier__ccp_alpha': np.float64(0.005791827370824922), 'classifier__max_depth': 9, 'classifier__max_features': 'log2', 'classifier__max_leaf_nodes': 9, 'classifier__min_impurity_decrease': np.float64(0.00349547251102762), 'classifier__min_samples_leaf': 4, 'classifier__min_samples_split': 2, 'classifier__n_estimators': 478, 'feature_selection_filter__k': 26}",23.37399458885193,"[0, 1, 2, 3, 4, 5, 6, 7, 8, 9, 10, 11, 12, 14, 16, 17, 18, 19, 20, 21, 22, 23, 24, 27, 28, 29]","['Amount_log1p', 'V1', 'V2', 'V3', 'V4', 'V5', 'V6', 'V7', 'V8', 'V9', 'V10', 'V11', 'V12', 'V14', 'V16', 'V17', 'V18', 'V19', 'V20', 'V21', 'V22', 'V23', 'V24', 'V27', 'V28', 'Time_sin']"
CostSensitiveLearning_with_RandomUnderSampler___RandomizedSearchCV__niter_30__cv_5,8,8,BalancedRandomForestClassifier,resubstitution,423,16986,5149,3,0.7716413279553211,0.07591529073941135,0.9929577464788732,0.14104701567189062,0.7673819742489271,0.23261802575107293,0.8801698603639001,0.8729134412063566,0.23997322034965732,0.10981752243911835,0.9918214202010498,0.8953371644816692,22561,0.1615475791257705,0.009376895490232554,0.15543078910647082,0.005886329138941859,"{'classifier__ccp_alpha': np.float64(0.0030517119725042463), 'classifier__max_depth': 11, 'classifier__max_features': 'sqrt', 'classifier__max_leaf_nodes': 17, 'classifier__min_impurity_decrease': np.float64(0.006130136114309393), 'classifier__min_samples_leaf': 5, 'classifier__min_samples_split': 3, 'classifier__n_estimators': 439, 'feature_selection_filter__k': 22}",20.620292901992798,"[1, 2, 3, 4, 5, 6, 7, 8, 9, 10, 11, 12, 14, 16, 17, 18, 19, 20, 21, 27, 28, 29]","['V1', 'V2', 'V3', 'V4', 'V5', 'V6', 'V7', 'V8', 'V9', 'V10', 'V11', 'V12', 'V14', 'V16', 'V17', 'V18', 'V19', 'V20', 'V21', 'V27', 'V28', 'Time_sin']"
CostSensitiveLearning_with_RandomUnderSampler___RandomizedSearchCV__niter_30__cv_5,8,9,BalancedRandomForestClassifier,resubstitution,423,17350,4785,3,0.7877753645671735,0.08122119815668202,0.9929577464788732,0.1501597444089457,0.7838265190874181,0.21617348091258193,0.8883921327831457,0.882216874710194,0.25091245026239434,0.11941971049206912,0.992994333745868,0.8941596727761524,22561,0.1803309730358148,0.017369922904122776,0.1735160939980213,0.013305246083435683,"{'classifier__ccp_alpha': np.float64(0.005382040507651139), 'classifier__max_depth': 7, 'classifier__max_features': 'sqrt', 'classifier__max_leaf_nodes': 12, 'classifier__min_impurity_decrease': np.float64(0.004947613435843989), 'classifier__min_samples_leaf': 2, 'classifier__min_samples_split': 4, 'classifier__n_estimators': 910, 'feature_selection_filter__k': 'all'}",21.88935136795044,"[0, 1, 2, 3, 4, 5, 6, 7, 8, 9, 10, 11, 12, 13, 14, 15, 16, 17, 18, 19, 20, 21, 22, 23, 24, 25, 26, 27, 28, 29, 30]","['Amount_log1p', 'V1', 'V2', 'V3', 'V4', 'V5', 'V6', 'V7', 'V8', 'V9', 'V10', 'V11', 'V12', 'V13', 'V14', 'V15', 'V16', 'V17', 'V18', 'V19', 'V20', 'V21', 'V22', 'V23', 'V24', 'V25', 'V26', 'V27', 'V28', 'Time_sin', 'Time_cos']"
CostSensitiveLearning_with_RandomUnderSampler___RandomizedSearchCV__niter_30__cv_5,8,10,BalancedRandomForestClassifier,resubstitution,424,15223,6912,2,0.6935419529276184,0.05779716466739367,0.9953051643192489,0.10925019324916259,0.687734357352609,0.312265642647391,0.8415197608359289,0.8273485103345697,0.19846415712381507,0.07628111886778466,0.9898330878274693,0.8814756849713282,22561,0.12898013620873477,0.004889796484263832,0.12553671526630233,0.002300705000675455,"{'classifier__ccp_alpha': np.float64(0.007736850570082535), 'classifier__max_depth': 7, 'classifier__max_features': 'sqrt', 'classifier__max_leaf_nodes': 14, 'classifier__min_impurity_decrease': np.float64(0.006135075705012061), 'classifier__min_samples_leaf': 3, 'classifier__min_samples_split': 7, 'classifier__n_estimators': 853, 'feature_selection_filter__k': 24}",21.0253586769104,"[1, 2, 3, 4, 5, 6, 7, 8, 9, 10, 11, 12, 14, 16, 17, 18, 19, 20, 21, 23, 24, 27, 28, 29]","['V1', 'V2', 'V3', 'V4', 'V5', 'V6', 'V7', 'V8', 'V9', 'V10', 'V11', 'V12', 'V14', 'V16', 'V17', 'V18', 'V19', 'V20', 'V21', 'V23', 'V24', 'V27', 'V28', 'Time_sin']"
CostSensitiveLearning_with_RandomUnderSampler___RandomizedSearchCV__niter_30__cv_5,9,1,BalancedRandomForestClassifier,resubstitution,424,20143,1991,2,0.9116578014184397,0.17556935817805383,0.9953051643192489,0.29848644843365013,0.9100478901237915,0.0899521098762085,0.9526765272215202,0.9517223149732521,0.39857542704501503,0.27521875420123154,0.9968314525567914,0.9213689285621959,22560,0.36306218374579,0.03040156891221855,0.34608154337038843,0.026506698110287417,"{'classifier__ccp_alpha': np.float64(0.0008038858677173366), 'classifier__max_depth': 5, 'classifier__max_features': 'log2', 'classifier__max_leaf_nodes': 14, 'classifier__min_impurity_decrease': np.float64(0.0006688932078309229), 'classifier__min_samples_leaf': 2, 'classifier__min_samples_split': 8, 'classifier__n_estimators': 872, 'feature_selection_filter__k': 'all'}",21.292815685272217,"[0, 1, 2, 3, 4, 5, 6, 7, 8, 9, 10, 11, 12, 13, 14, 15, 16, 17, 18, 19, 20, 21, 22, 23, 24, 25, 26, 27, 28, 29, 30]","['Amount_log1p', 'V1', 'V2', 'V3', 'V4', 'V5', 'V6', 'V7', 'V8', 'V9', 'V10', 'V11', 'V12', 'V13', 'V14', 'V15', 'V16', 'V17', 'V18', 'V19', 'V20', 'V21', 'V22', 'V23', 'V24', 'V25', 'V26', 'V27', 'V28', 'Time_sin', 'Time_cos']"
CostSensitiveLearning_with_RandomUnderSampler___RandomizedSearchCV__niter_30__cv_5,9,2,BalancedRandomForestClassifier,resubstitution,422,16978,5156,4,0.7712765957446809,0.07565435640014342,0.9906103286384976,0.14057295136575615,0.7670552091804463,0.23294479081955366,0.8788327689094719,0.8716953670004869,0.2390444214472013,0.10932231261090097,0.9913441751075713,0.8888970648686204,22560,0.17114853346156844,0.012472991271746529,0.16541826962149214,0.017350403549308707,"{'classifier__ccp_alpha': np.float64(0.0002755138499186016), 'classifier__max_depth': 19, 'classifier__max_features': 'sqrt', 'classifier__max_leaf_nodes': 11, 'classifier__min_impurity_decrease': np.float64(0.005608301205494992), 'classifier__min_samples_leaf': 2, 'classifier__min_samples_split': 7, 'classifier__n_estimators': 736, 'feature_selection_filter__k': 22}",22.324869871139526,"[1, 2, 3, 4, 5, 6, 7, 8, 9, 10, 11, 12, 14, 16, 17, 18, 19, 20, 21, 27, 28, 29]","['V1', 'V2', 'V3', 'V4', 'V5', 'V6', 'V7', 'V8', 'V9', 'V10', 'V11', 'V12', 'V14', 'V16', 'V17', 'V18', 'V19', 'V20', 'V21', 'V27', 'V28', 'Time_sin']"
CostSensitiveLearning_with_RandomUnderSampler___RandomizedSearchCV__niter_30__cv_5,9,3,BalancedRandomForestClassifier,resubstitution,424,14050,8084,2,0.6415780141843972,0.04983544898918665,0.9953051643192489,0.09491828967987463,0.6347700370470769,0.3652299629529231,0.8150376006831629,0.7948521221133379,0.1769474580275799,0.06115248583052768,0.9876621631539182,0.8814225982240418,22560,0.11508889884232312,0.014234801274567223,0.11317945417738218,0.012834204124782185,"{'classifier__ccp_alpha': np.float64(0.009837580192921871), 'classifier__max_depth': 16, 'classifier__max_features': 'log2', 'classifier__max_leaf_nodes': 18, 'classifier__min_impurity_decrease': np.float64(0.0055851837279133456), 'classifier__min_samples_leaf': 2, 'classifier__min_samples_split': 8, 'classifier__n_estimators': 911, 'feature_selection_filter__k': 22}",22.32315945625305,"[1, 2, 3, 4, 5, 6, 7, 8, 9, 10, 11, 12, 14, 16, 17, 18, 19, 20, 21, 27, 28, 29]","['V1', 'V2', 'V3', 'V4', 'V5', 'V6', 'V7', 'V8', 'V9', 'V10', 'V11', 'V12', 'V14', 'V16', 'V17', 'V18', 'V19', 'V20', 'V21', 'V27', 'V28', 'Time_sin']"
CostSensitiveLearning_with_RandomUnderSampler___RandomizedSearchCV__niter_30__cv_5,9,4,BalancedRandomForestClassifier,resubstitution,424,18704,3430,2,0.847872340425532,0.11001556824078879,0.9953051643192489,0.19813084112149532,0.845034788108792,0.15496521189120804,0.9201699762140204,0.9170973168830573,0.3039089177352563,0.16990167978812176,0.9944863679229075,0.8948214179936914,22560,0.2351060297114192,0.03040513965012847,0.22500293172403985,0.026714901746839707,"{'classifier__ccp_alpha': np.float64(0.000361977943157622), 'classifier__max_depth': 19, 'classifier__max_features': 'sqrt', 'classifier__max_leaf_nodes': 9, 'classifier__min_impurity_decrease': np.float64(0.0016412673564719649), 'classifier__min_samples_leaf': 7, 'classifier__min_samples_split': 3, 'classifier__n_estimators': 696, 'feature_selection_filter__k': 20}",21.428587198257446,"[1, 2, 3, 4, 5, 6, 7, 8, 9, 10, 11, 12, 14, 16, 17, 18, 19, 20, 21, 27]","['V1', 'V2', 'V3', 'V4', 'V5', 'V6', 'V7', 'V8', 'V9', 'V10', 'V11', 'V12', 'V14', 'V16', 'V17', 'V18', 'V19', 'V20', 'V21', 'V27']"
CostSensitiveLearning_with_RandomUnderSampler___RandomizedSearchCV__niter_30__cv_5,9,5,BalancedRandomForestClassifier,resubstitution,423,18550,3585,2,0.8410017730496454,0.10553892215568862,0.9952941176470588,0.19084141664786827,0.8380393042692569,0.16196069573074312,0.9166667109581579,0.9132883388592153,0.2964106502171323,0.1623052518341297,0.9943834491555827,0.8963550622002644,22560,0.2213420319205593,0.011750154611125921,0.21361595842768294,0.012491682117633423,"{'classifier__ccp_alpha': np.float64(0.0035360094031949042), 'classifier__max_depth': 18, 'classifier__max_features': 'log2', 'classifier__max_leaf_nodes': 16, 'classifier__min_impurity_decrease': np.float64(0.004148301811163269), 'classifier__min_samples_leaf': 5, 'classifier__min_samples_split': 2, 'classifier__n_estimators': 664, 'feature_selection_filter__k': 22}",19.82590889930725,"[1, 2, 3, 4, 5, 6, 7, 8, 9, 10, 11, 12, 14, 16, 17, 18, 19, 20, 21, 27, 28, 29]","['V1', 'V2', 'V3', 'V4', 'V5', 'V6', 'V7', 'V8', 'V9', 'V10', 'V11', 'V12', 'V14', 'V16', 'V17', 'V18', 'V19', 'V20', 'V21', 'V27', 'V28', 'Time_sin']"
CostSensitiveLearning_with_RandomUnderSampler___RandomizedSearchCV__niter_30__cv_5,9,6,BalancedRandomForestClassifier,resubstitution,425,10469,11666,0,0.4828900709219858,0.03515011165329584,1.0,0.06791307126877597,0.47296137339055794,0.527038626609442,0.736480686695279,0.6877218721187788,0.1289365932634109,0.0327055716439516,0.9854119773050399,0.8769594589157302,22560,0.08012799856772303,0.007313487358288725,0.07858238554145848,0.0076189139901157305,"{'classifier__ccp_alpha': np.float64(0.0045183319799931695), 'classifier__max_depth': 17, 'classifier__max_features': 'sqrt', 'classifier__max_leaf_nodes': 11, 'classifier__min_impurity_decrease': np.float64(0.012105528665607414), 'classifier__min_samples_leaf': 3, 'classifier__min_samples_split': 4, 'classifier__n_estimators': 898, 'feature_selection_filter__k': 20}",20.309337854385376,"[1, 2, 3, 4, 5, 6, 7, 8, 9, 10, 11, 12, 14, 16, 17, 18, 19, 20, 21, 27]","['V1', 'V2', 'V3', 'V4', 'V5', 'V6', 'V7', 'V8', 'V9', 'V10', 'V11', 'V12', 'V14', 'V16', 'V17', 'V18', 'V19', 'V20', 'V21', 'V27']"
CostSensitiveLearning_with_RandomUnderSampler___RandomizedSearchCV__niter_30__cv_5,9,7,BalancedRandomForestClassifier,resubstitution,422,16851,5284,3,0.7656471631205674,0.07395723799509288,0.9929411764705882,0.13766106671016148,0.7612830359159701,0.23871696408402987,0.8771121061932792,0.8694304304022861,0.23589423096874343,0.10632384786872617,0.9912815211469725,0.8891783057422777,22560,0.16118606763050014,0.009603329961398524,0.15781115823048777,0.010103902260255383,"{'classifier__ccp_alpha': np.float64(0.0070626697124251715), 'classifier__max_depth': 6, 'classifier__max_features': 'sqrt', 'classifier__max_leaf_nodes': 16, 'classifier__min_impurity_decrease': np.float64(0.0034800213657272486), 'classifier__min_samples_leaf': 3, 'classifier__min_samples_split': 9, 'classifier__n_estimators': 571, 'feature_selection_filter__k': 28}",19.858014583587646,"[0, 1, 2, 3, 4, 5, 6, 7, 8, 9, 10, 11, 12, 13, 14, 16, 17, 18, 19, 20, 21, 22, 23, 24, 26, 27, 28, 29]","['Amount_log1p', 'V1', 'V2', 'V3', 'V4', 'V5', 'V6', 'V7', 'V8', 'V9', 'V10', 'V11', 'V12', 'V13', 'V14', 'V16', 'V17', 'V18', 'V19', 'V20', 'V21', 'V22', 'V23', 'V24', 'V26', 'V27', 'V28', 'Time_sin']"
CostSensitiveLearning_with_RandomUnderSampler___RandomizedSearchCV__niter_30__cv_5,9,8,BalancedRandomForestClassifier,resubstitution,425,19546,2589,1,0.8852001241079739,0.14100862641008627,0.9976525821596244,0.24709302325581395,0.8830359159701829,0.11696408402981706,0.9403442490649037,0.9385963252151278,0.35233452924405273,0.22132860900452533,0.9963313045958909,0.917140684806585,22561,0.30162729383701203,0.025743121299359642,0.28731603180678983,0.01541750073597124,"{'classifier__ccp_alpha': np.float64(0.003147441530480801), 'classifier__max_depth': 19, 'classifier__max_features': 'log2', 'classifier__max_leaf_nodes': 13, 'classifier__min_impurity_decrease': np.float64(0.0006840872118641262), 'classifier__min_samples_leaf': 4, 'classifier__min_samples_split': 3, 'classifier__n_estimators': 203, 'feature_selection_filter__k': 28}",22.272769689559937,"[0, 1, 2, 3, 4, 5, 6, 7, 8, 9, 10, 11, 12, 14, 16, 17, 18, 19, 20, 21, 22, 23, 24, 25, 27, 28, 29, 30]","['Amount_log1p', 'V1', 'V2', 'V3', 'V4', 'V5', 'V6', 'V7', 'V8', 'V9', 'V10', 'V11', 'V12', 'V14', 'V16', 'V17', 'V18', 'V19', 'V20', 'V21', 'V22', 'V23', 'V24', 'V25', 'V27', 'V28', 'Time_sin', 'Time_cos']"
CostSensitiveLearning_with_RandomUnderSampler___RandomizedSearchCV__niter_30__cv_5,9,9,BalancedRandomForestClassifier,resubstitution,424,18990,3145,2,0.8605115021497274,0.11880078453348276,0.9953051643192489,0.21226533166458073,0.8579173255025977,0.1420826744974023,0.9266112449109233,0.924061439857596,0.318235212455971,0.18476133657292482,0.9948398167030948,0.9078322938313178,22561,0.255468038210317,0.0416442369400199,0.24338552258513912,0.038342761530123684,"{'classifier__ccp_alpha': np.float64(0.0011032806135288975), 'classifier__max_depth': 4, 'classifier__max_features': 'sqrt', 'classifier__max_leaf_nodes': 17, 'classifier__min_impurity_decrease': np.float64(0.002185094774928853), 'classifier__min_samples_leaf': 4, 'classifier__min_samples_split': 8, 'classifier__n_estimators': 404, 'feature_selection_filter__k': 'all'}",21.77972102165222,"[0, 1, 2, 3, 4, 5, 6, 7, 8, 9, 10, 11, 12, 13, 14, 15, 16, 17, 18, 19, 20, 21, 22, 23, 24, 25, 26, 27, 28, 29, 30]","['Amount_log1p', 'V1', 'V2', 'V3', 'V4', 'V5', 'V6', 'V7', 'V8', 'V9', 'V10', 'V11', 'V12', 'V13', 'V14', 'V15', 'V16', 'V17', 'V18', 'V19', 'V20', 'V21', 'V22', 'V23', 'V24', 'V25', 'V26', 'V27', 'V28', 'Time_sin', 'Time_cos']"
CostSensitiveLearning_with_RandomUnderSampler___RandomizedSearchCV__niter_30__cv_5,9,10,BalancedRandomForestClassifier,resubstitution,426,11511,10624,0,0.5290988874606622,0.03855203619909502,1.0,0.07424189613105611,0.5200361418567879,0.4799638581432121,0.7600180709283939,0.7211353145261906,0.1415925568866549,0.03930882326841434,0.9879988992004887,0.8787787681773768,22561,0.09106317646742043,0.010862237968118256,0.08902101640011623,0.009323251490263534,"{'classifier__ccp_alpha': np.float64(0.003186498561970783), 'classifier__max_depth': 16, 'classifier__max_features': 'log2', 'classifier__max_leaf_nodes': 11, 'classifier__min_impurity_decrease': np.float64(0.00890133781115291), 'classifier__min_samples_leaf': 3, 'classifier__min_samples_split': 8, 'classifier__n_estimators': 531, 'feature_selection_filter__k': 28}",22.510334014892578,"[0, 1, 2, 3, 4, 5, 6, 7, 8, 9, 10, 11, 12, 13, 14, 16, 17, 18, 19, 20, 21, 22, 23, 24, 27, 28, 29, 30]","['Amount_log1p', 'V1', 'V2', 'V3', 'V4', 'V5', 'V6', 'V7', 'V8', 'V9', 'V10', 'V11', 'V12', 'V13', 'V14', 'V16', 'V17', 'V18', 'V19', 'V20', 'V21', 'V22', 'V23', 'V24', 'V27', 'V28', 'Time_sin', 'Time_cos']"
CostSensitiveLearning_with_RandomUnderSampler___RandomizedSearchCV__niter_30__cv_5,10,1,BalancedRandomForestClassifier,resubstitution,425,14761,7373,1,0.6731382978723405,0.05450115414208771,0.9976525821596244,0.10335603112840466,0.6668925634770037,0.33310743652299635,0.832272572818314,0.8156758473657805,0.19019321789372579,0.07005498320237213,0.9896018531598616,0.8832574156925258,22560,0.12721422699345938,0.013549664425793072,0.12333490417070056,0.01258231299463027,"{'classifier__ccp_alpha': np.float64(0.008277279703365382), 'classifier__max_depth': 13, 'classifier__max_features': 'sqrt', 'classifier__max_leaf_nodes': 12, 'classifier__min_impurity_decrease': np.float64(0.0073993281103063805), 'classifier__min_samples_leaf': 9, 'classifier__min_samples_split': 2, 'classifier__n_estimators': 985, 'feature_selection_filter__k': 28}",22.716472148895264,"[0, 1, 2, 3, 4, 5, 6, 7, 8, 9, 10, 11, 12, 14, 16, 17, 18, 19, 20, 21, 22, 23, 24, 25, 26, 27, 28, 29]","['Amount_log1p', 'V1', 'V2', 'V3', 'V4', 'V5', 'V6', 'V7', 'V8', 'V9', 'V10', 'V11', 'V12', 'V14', 'V16', 'V17', 'V18', 'V19', 'V20', 'V21', 'V22', 'V23', 'V24', 'V25', 'V26', 'V27', 'V28', 'Time_sin']"
CostSensitiveLearning_with_RandomUnderSampler___RandomizedSearchCV__niter_30__cv_5,10,2,BalancedRandomForestClassifier,resubstitution,425,15728,6406,1,0.7160017730496454,0.06221636656419265,0.9976525821596244,0.11712828992696707,0.7105810065961868,0.28941899340381316,0.8541167943779056,0.8419697002055779,0.20980632336226104,0.0845862251702536,0.9904672606586175,0.8864624410962648,22560,0.13801321234771277,0.013808431934588333,0.13359873282915674,0.01212242147292158,"{'classifier__ccp_alpha': np.float64(0.0009500791540615305), 'classifier__max_depth': 13, 'classifier__max_features': 'sqrt', 'classifier__max_leaf_nodes': 16, 'classifier__min_impurity_decrease': np.float64(0.0075575107181902745), 'classifier__min_samples_leaf': 2, 'classifier__min_samples_split': 6, 'classifier__n_estimators': 810, 'feature_selection_filter__k': 26}",21.470600605010986,"[0, 1, 2, 3, 4, 5, 6, 7, 8, 9, 10, 11, 12, 13, 14, 16, 17, 18, 19, 20, 21, 24, 25, 27, 28, 29]","['Amount_log1p', 'V1', 'V2', 'V3', 'V4', 'V5', 'V6', 'V7', 'V8', 'V9', 'V10', 'V11', 'V12', 'V13', 'V14', 'V16', 'V17', 'V18', 'V19', 'V20', 'V21', 'V24', 'V25', 'V27', 'V28', 'Time_sin']"
CostSensitiveLearning_with_RandomUnderSampler___RandomizedSearchCV__niter_30__cv_5,10,3,BalancedRandomForestClassifier,resubstitution,424,13309,8825,2,0.6087322695035461,0.04584279381554763,0.9953051643192489,0.0876485788113695,0.6012921297551278,0.3987078702448722,0.7982986470371883,0.7736078864707874,0.16510616888077953,0.05347614842324644,0.9888752714473643,0.8881891059469164,22560,0.11501831203611397,0.014725063883058295,0.11156576824872773,0.01150443272815929,"{'classifier__ccp_alpha': np.float64(0.001579038941232892), 'classifier__max_depth': 13, 'classifier__max_features': 'sqrt', 'classifier__max_leaf_nodes': 11, 'classifier__min_impurity_decrease': np.float64(0.007750227579307656), 'classifier__min_samples_leaf': 9, 'classifier__min_samples_split': 3, 'classifier__n_estimators': 584, 'feature_selection_filter__k': 'all'}",19.468083381652832,"[0, 1, 2, 3, 4, 5, 6, 7, 8, 9, 10, 11, 12, 13, 14, 15, 16, 17, 18, 19, 20, 21, 22, 23, 24, 25, 26, 27, 28, 29, 30]","['Amount_log1p', 'V1', 'V2', 'V3', 'V4', 'V5', 'V6', 'V7', 'V8', 'V9', 'V10', 'V11', 'V12', 'V13', 'V14', 'V15', 'V16', 'V17', 'V18', 'V19', 'V20', 'V21', 'V22', 'V23', 'V24', 'V25', 'V26', 'V27', 'V28', 'Time_sin', 'Time_cos']"
CostSensitiveLearning_with_RandomUnderSampler___RandomizedSearchCV__niter_30__cv_5,10,4,BalancedRandomForestClassifier,resubstitution,423,19339,2795,3,0.8759751773049645,0.13144810441267868,0.9929577464788732,0.23216245883644346,0.8737236830215958,0.12627631697840425,0.9333407147502345,0.9314347531300006,0.33732655728165056,0.20567082870121633,0.9953062248676542,0.9037675356224724,22560,0.2548163377900659,0.021412591110109062,0.24169129222649474,0.02031931202030143,"{'classifier__ccp_alpha': np.float64(0.001556019304734908), 'classifier__max_depth': 14, 'classifier__max_features': 'log2', 'classifier__max_leaf_nodes': 10, 'classifier__min_impurity_decrease': np.float64(0.0021013419292758686), 'classifier__min_samples_leaf': 3, 'classifier__min_samples_split': 6, 'classifier__n_estimators': 341, 'feature_selection_filter__k': 24}",19.18805742263794,"[0, 1, 2, 3, 4, 5, 6, 7, 8, 9, 10, 11, 12, 14, 16, 17, 18, 19, 20, 21, 23, 27, 28, 29]","['Amount_log1p', 'V1', 'V2', 'V3', 'V4', 'V5', 'V6', 'V7', 'V8', 'V9', 'V10', 'V11', 'V12', 'V14', 'V16', 'V17', 'V18', 'V19', 'V20', 'V21', 'V23', 'V27', 'V28', 'Time_sin']"
CostSensitiveLearning_with_RandomUnderSampler___RandomizedSearchCV__niter_30__cv_5,10,5,BalancedRandomForestClassifier,resubstitution,421,18845,3290,4,0.8539893617021277,0.11344651037456212,0.9905882352941177,0.20357833655705995,0.8513666139597922,0.14863338604020782,0.9209774246269549,0.9183429379653109,0.3087687903644022,0.17571270698376473,0.9940437157017765,0.9021020741414655,22560,0.2366008558850688,0.02733507702246833,0.22667835434575984,0.027898998386277345,"{'classifier__ccp_alpha': np.float64(0.0027492722354663514), 'classifier__max_depth': 14, 'classifier__max_features': 'log2', 'classifier__max_leaf_nodes': 9, 'classifier__min_impurity_decrease': np.float64(0.0017807603190886146), 'classifier__min_samples_leaf': 3, 'classifier__min_samples_split': 3, 'classifier__n_estimators': 499, 'feature_selection_filter__k': 20}",19.38647437095642,"[1, 2, 3, 4, 5, 6, 7, 8, 9, 10, 11, 12, 14, 16, 17, 18, 19, 20, 21, 27]","['V1', 'V2', 'V3', 'V4', 'V5', 'V6', 'V7', 'V8', 'V9', 'V10', 'V11', 'V12', 'V14', 'V16', 'V17', 'V18', 'V19', 'V20', 'V21', 'V27']"
CostSensitiveLearning_with_RandomUnderSampler___RandomizedSearchCV__niter_30__cv_5,10,6,BalancedRandomForestClassifier,resubstitution,422,15855,6280,3,0.7214982269503546,0.06296627872276932,0.9929411764705882,0.11842289883541463,0.7162864242150441,0.28371357578495593,0.8546138003428161,0.8433447010268084,0.21100533604724672,0.08604085334030753,0.9894002312015838,0.8808483286914345,22560,0.14391506907569396,0.009494787556193936,0.14089151449743298,0.008020344971307774,"{'classifier__ccp_alpha': np.float64(0.0067880579305226035), 'classifier__max_depth': 12, 'classifier__max_features': 'log2', 'classifier__max_leaf_nodes': 19, 'classifier__min_impurity_decrease': np.float64(0.006034609329654528), 'classifier__min_samples_leaf': 2, 'classifier__min_samples_split': 5, 'classifier__n_estimators': 333, 'feature_selection_filter__k': 22}",18.307130813598633,"[1, 2, 3, 4, 5, 6, 7, 8, 9, 10, 11, 12, 14, 16, 17, 18, 19, 20, 21, 27, 28, 29]","['V1', 'V2', 'V3', 'V4', 'V5', 'V6', 'V7', 'V8', 'V9', 'V10', 'V11', 'V12', 'V14', 'V16', 'V17', 'V18', 'V19', 'V20', 'V21', 'V27', 'V28', 'Time_sin']"
CostSensitiveLearning_with_RandomUnderSampler___RandomizedSearchCV__niter_30__cv_5,10,7,BalancedRandomForestClassifier,resubstitution,423,16308,5827,2,0.7416223404255319,0.06768,0.9952941176470588,0.12674157303370787,0.7367517506211881,0.26324824937881186,0.8660229341341235,0.8563204327583462,0.22238502165600835,0.09480786505639283,0.990786324559189,0.8884668111472056,22560,0.15018952354491372,0.009909426147453949,0.14613410180215453,0.003078122358968235,"{'classifier__ccp_alpha': np.float64(0.007493422613186888), 'classifier__max_depth': 8, 'classifier__max_features': 'sqrt', 'classifier__max_leaf_nodes': 10, 'classifier__min_impurity_decrease': np.float64(0.007758451546789492), 'classifier__min_samples_leaf': 8, 'classifier__min_samples_split': 2, 'classifier__n_estimators': 729, 'feature_selection_filter__k': 26}",23.946792602539062,"[0, 1, 2, 3, 4, 5, 6, 7, 8, 9, 10, 11, 12, 14, 16, 17, 18, 19, 20, 21, 22, 23, 24, 27, 28, 29]","['Amount_log1p', 'V1', 'V2', 'V3', 'V4', 'V5', 'V6', 'V7', 'V8', 'V9', 'V10', 'V11', 'V12', 'V14', 'V16', 'V17', 'V18', 'V19', 'V20', 'V21', 'V22', 'V23', 'V24', 'V27', 'V28', 'Time_sin']"
CostSensitiveLearning_with_RandomUnderSampler___RandomizedSearchCV__niter_30__cv_5,10,8,BalancedRandomForestClassifier,resubstitution,424,14669,7466,2,0.6689863037985905,0.05373891001267427,0.9953051643192489,0.10197210197210198,0.6627061215269935,0.3372938784730065,0.8290056429231212,0.8121544343176341,0.18780603549583771,0.06860028344841551,0.9890208505001852,0.8817126187662466,22561,0.11970650127142349,0.013095132410122591,0.11780179948018428,0.01276905898664558,"{'classifier__ccp_alpha': np.float64(0.0069106966564743055), 'classifier__max_depth': 18, 'classifier__max_features': 'sqrt', 'classifier__max_leaf_nodes': 7, 'classifier__min_impurity_decrease': np.float64(0.008533449323694852), 'classifier__min_samples_leaf': 7, 'classifier__min_samples_split': 9, 'classifier__n_estimators': 922, 'feature_selection_filter__k': 22}",19.146169424057007,"[1, 2, 3, 4, 5, 6, 7, 8, 9, 10, 11, 12, 14, 16, 17, 18, 19, 20, 21, 27, 28, 29]","['V1', 'V2', 'V3', 'V4', 'V5', 'V6', 'V7', 'V8', 'V9', 'V10', 'V11', 'V12', 'V14', 'V16', 'V17', 'V18', 'V19', 'V20', 'V21', 'V27', 'V28', 'Time_sin']"
CostSensitiveLearning_with_RandomUnderSampler___RandomizedSearchCV__niter_30__cv_5,10,9,BalancedRandomForestClassifier,resubstitution,423,16061,6074,3,0.7306413722795976,0.06510697244882253,0.9929577464788732,0.12220135779286437,0.7255929523379263,0.2744070476620737,0.8592753494083998,0.848812784313726,0.21598256656702566,0.08994868844120196,0.9912267975748474,0.89229325874558,22561,0.14413554232087733,0.017423052363121413,0.14001121105138217,0.016765926434978595,"{'classifier__ccp_alpha': np.float64(0.001877532617156481), 'classifier__max_depth': 3, 'classifier__max_features': 'log2', 'classifier__max_leaf_nodes': 18, 'classifier__min_impurity_decrease': np.float64(0.0034048509800781225), 'classifier__min_samples_leaf': 1, 'classifier__min_samples_split': 4, 'classifier__n_estimators': 621, 'feature_selection_filter__k': 26}",20.553688287734985,"[0, 1, 2, 3, 4, 5, 6, 7, 8, 9, 10, 11, 12, 14, 16, 17, 18, 19, 20, 21, 22, 23, 24, 27, 28, 29]","['Amount_log1p', 'V1', 'V2', 'V3', 'V4', 'V5', 'V6', 'V7', 'V8', 'V9', 'V10', 'V11', 'V12', 'V14', 'V16', 'V17', 'V18', 'V19', 'V20', 'V21', 'V22', 'V23', 'V24', 'V27', 'V28', 'Time_sin']"
CostSensitiveLearning_with_RandomUnderSampler___RandomizedSearchCV__niter_30__cv_5,10,10,BalancedRandomForestClassifier,resubstitution,424,14020,8115,2,0.6402198484109747,0.049654526291134794,0.9953051643192489,0.09459007250418293,0.6333860402078156,0.36661395979218436,0.8143456022635323,0.7939851364015313,0.1764304163921322,0.06080751071560253,0.9904140830223416,0.8892127783827722,22561,0.10998495421092283,0.009095820408147532,0.10726121055508223,0.008839184160675993,"{'classifier__ccp_alpha': np.float64(0.0009242906567147702), 'classifier__max_depth': 11, 'classifier__max_features': 'log2', 'classifier__max_leaf_nodes': 5, 'classifier__min_impurity_decrease': np.float64(0.004284831753118979), 'classifier__min_samples_leaf': 6, 'classifier__min_samples_split': 8, 'classifier__n_estimators': 196, 'feature_selection_filter__k': 'all'}",19.326677799224854,"[0, 1, 2, 3, 4, 5, 6, 7, 8, 9, 10, 11, 12, 13, 14, 15, 16, 17, 18, 19, 20, 21, 22, 23, 24, 25, 26, 27, 28, 29, 30]","['Amount_log1p', 'V1', 'V2', 'V3', 'V4', 'V5', 'V6', 'V7', 'V8', 'V9', 'V10', 'V11', 'V12', 'V13', 'V14', 'V15', 'V16', 'V17', 'V18', 'V19', 'V20', 'V21', 'V22', 'V23', 'V24', 'V25', 'V26', 'V27', 'V28', 'Time_sin', 'Time_cos']"
